Corresponde a: data/motocross/motocross.1.1.out
Error Cuadratico Medio: [1087.4703222222222, 807.0523333333333, 970.5114111111111, 1179.3603333333333, 836.2932777777778, 793.4916777777778, 837.0671555555556, 655.8692333333333, 688.1859333333333, 580.0974, 582.5624222222223, 619.2165222222222, 512.9291333333333, 554.9473333333333, 805.2724777777778, 478.25123333333335, 511.69356666666664, 609.2493555555556, 551.7079222222222, 666.8089777777777, 571.1420555555555, 595.2651, 822.0680555555556, 812.1898777777777, 1029.0848777777778, 1035.0927444444444, 938.7623111111111, 1404.3766333333333, 1350.7925, 1539.746111111111, 1423.7146666666667, 1024.5829777777778, 1872.1600888888888, 2208.2381111111113, 2125.456222222222, 1648.750611111111, 897.3284555555556, 911.3705111111111, 641.6593777777778, 1159.1373666666666, 2227.502233333333]

Peak to Signal Noise Ratio: [17.766629472605416, 19.0617866339371, 18.26079714751511, 17.41433844263627, 18.907217549784335, 19.135379846782932, 18.903200592459157, 19.962631021368683, 19.753745695637416, 20.495794419064044, 20.477378935317528, 20.212378249918324, 21.030229940568212, 20.68828592029991, 19.071375046334197, 21.33424262191221, 21.040704040848304, 20.28285282393691, 20.713711406355774, 19.890789224217492, 20.563362206239066, 20.383699399686492, 18.98172588426653, 19.034227882387004, 18.00629164501671, 17.981010964895432, 18.40524715396231, 16.65596766006537, 16.82491720229423, 16.25631244988306, 16.59657401840179, 18.025332245516662, 15.407373782455288, 14.690344599420255, 14.856281965862301, 15.95925391341762, 18.60128920805764, 18.533853887049926, 20.05775815055577, 17.48945454627998, 14.652622127274125]
Longitud: 41



Corresponde a: data/motocross/motocross.1.2.out
Error Cuadratico Medio: [1221.9478888888889, 1026.8880444444444, 1112.0957333333333, 1253.0292111111112, 1171.054388888889, 1348.1209444444444, 856.1936444444444, 840.4888666666667, 1005.2057, 727.4439111111111, 824.7376, 905.8722777777778, 786.7669, 791.6939444444445, 632.8424777777777, 653.2631555555555, 548.3737, 560.6049666666667, 435.14233333333334, 758.9630222222222, 596.0394444444445, 629.1262777777778, 595.3222888888889, 662.5911444444445, 596.1135333333333, 606.3089666666667, 900.1023, 673.5789222222222, 802.1239666666667, 1001.7709444444445, 872.8912666666666, 956.2891111111111, 1078.8223555555555, 1366.9904444444444, 993.1632111111111, 1000.9742, 1417.988588888889, 1374.1813, 1673.0818222222222, 2112.9246333333335, 1973.2507555555555, 1763.5116, 1263.3773333333334, 2217.3755111111113, 2534.840188888889, 2422.3827666666666, 2949.4166666666665, 1507.7154333333333, 1134.7211444444445, 1116.888688888889, 892.0105222222222, 849.1993555555556, 1216.9252222222221, 1790.6583555555555]

Peak to Signal Noise Ratio: [17.260276754610203, 18.015572632593056, 17.66938186329766, 17.151191653115166, 17.445032947914598, 16.833515049084838, 18.805083611408783, 18.885483958315707, 18.108254182817053, 19.51280847792796, 18.967645662559356, 18.56013391630982, 19.1723428040065, 19.145230377728623, 20.117847385999276, 19.97992196463717, 20.740037430122293, 20.64423419804735, 21.74449024670738, 19.32859743913208, 20.378053596214258, 20.143425353943268, 20.38328218010023, 19.918347336452594, 20.377513793080666, 20.303863698306035, 18.587884894278297, 19.846918722008454, 19.088388680466174, 18.123119296917373, 18.721202124976323, 18.324911502043975, 17.80130423463566, 16.773148821007858, 18.160597368836427, 18.126574771368766, 16.614076249450715, 16.750363265466397, 15.895631801740908, 14.881963545449857, 15.178980830995936, 15.667020401593149, 17.11547280059255, 14.672411140350102, 14.091297767928385, 14.288375926979457, 13.433442308214985, 16.34760980471514, 17.581912132669814, 17.650704681553137, 18.6271038349168, 18.840707049532853, 17.278164684012136, 15.60067627308358]
Longitud: 54



Corresponde a: data/motocross/motocross.1.4.out
Error Cuadratico Medio: [1488.9656555555555, 2184.1087222222222, 1990.887322222222, 1320.2377, 1759.563211111111, 2431.5400444444444, 2228.8142888888888, 1141.2851666666666, 1261.874611111111, 1208.1505444444444, 1162.0699333333334, 834.9646111111111, 894.3231222222222, 884.5292888888889, 834.6741333333333, 683.2172444444444, 826.5199222222222, 881.4781444444444, 743.5422111111111, 567.5442666666667, 758.7037555555555, 787.3942, 248.6831222222222, 755.5728222222223, 674.1182333333334, 812.1742666666667, 896.5864777777778, 851.6206, 741.1939777777778, 907.1439, 1012.1068555555555, 1057.2042555555556, 866.5836555555555, 1083.6826222222223, 1232.2968555555556, 1241.6134, 1040.2351555555556, 1316.4386555555554, 1389.9127777777778, 1482.9363555555556, 1510.8097333333333, 1495.1669666666667, 1628.2215444444444, 1693.522988888889, 1997.2341333333334, 2540.7411888888887, 2861.193077777778, 3028.102622222222, 2364.7228666666665, 3018.600066666667, 3102.0421555555554, 2586.3654555555554, 2956.7433666666666, 3707.0287, 3691.4140222222222, 3139.1066555555553, 2809.5847222222224, 2082.2726222222223, 1516.4871444444445, 1256.439, 1054.0123666666666, 1033.9881222222223, 1301.7106444444444, 1596.2150888888889]

Peak to Signal Noise Ratio: [16.40195680425826, 14.738061076566673, 15.140336798067926, 16.924282307948697, 15.67675487682694, 14.271989346141162, 14.650064775248737, 17.556861881095834, 17.12064158422553, 17.309593069239554, 17.478480961983948, 18.9141229200091, 18.6158590153046, 18.663681428508532, 18.915634060041, 19.785215414297145, 18.95827034712527, 18.678688120883223, 19.41774732283962, 20.590806200788553, 19.330081270568844, 19.168881494450332, 24.174340495605232, 19.348040328081556, 19.843442869126793, 19.034311358982265, 18.60488176272087, 18.828342027492035, 19.43148478861775, 18.554041763228064, 18.078539942847822, 17.889214582427293, 18.752698672253715, 17.781782517278156, 17.223650205720045, 17.190939698447007, 17.959488338615248, 16.936797345503507, 16.700928133608265, 16.419578484262793, 16.338705867779904, 16.38390667436181, 16.013668638874403, 15.842892644754956, 15.126513811978153, 14.081199327171902, 13.565331952038044, 13.319097715756694, 14.393001098870105, 13.332747835669975, 13.214326654558432, 14.003904698218616, 13.422667297057751, 12.440544124959185, 12.458876032683854, 13.16274289152468, 13.64438228213878, 14.945427718241579, 16.32241627804152, 17.139389523853772, 17.90234654409233, 17.985648109716642, 16.985659046595952, 16.099889490263298]
Longitud: 64



Corresponde a: data/motocross/motocross.1.8.out
Error Cuadratico Medio: [1476.2778888888888, 2530.9491666666668, 2845.007633333333, 3271.247066666667, 3523.121988888889, 3557.7998, 3315.3496444444445, 1590.1659333333334, 976.5652222222222, 1670.5150555555556, 1655.360111111111, 1748.9676666666667, 1457.471388888889, 1203.9305444444444, 1023.6291888888888, 1028.2513777777779, 875.8032555555556, 996.4737888888889, 946.3444888888889, 972.4900111111111, 1013.5135555555555, 996.1654555555556, 958.5225, 636.9329777777778, 866.6378666666667, 1031.2888333333333, 813.7023888888889, 972.6984888888888, 1023.5475777777777, 1058.0603555555556, 1061.150588888889, 766.5218, 714.6013111111112, 1134.3373333333334, 1368.1281777777779, 1866.534211111111, 1988.4506, 2044.2310444444445, 1748.703811111111, 1466.8387444444445, 1077.9991666666667, 1317.0112111111112, 1469.5160777777778, 1642.4458111111112, 1999.3944222222221, 1700.2671444444445, 1571.6049222222223, 1235.5156444444444, 1763.9762888888888, 1963.9942, 2278.6216555555557, 2716.616322222222, 2862.9156, 3343.6019444444446, 2801.2712555555554, 1987.7216222222223, 1115.963411111111, 2710.5514777777776, 3387.4040111111112, 2971.493933333333, 2392.8028222222224, 2407.0182666666665, 3155.788522222222, 1414.7073444444445, 1321.8680777777777, 1429.4396333333334, 1325.3814777777777, 1376.0657777777778, 1494.3251777777778, 1679.2830222222221, 1982.454511111111, 2144.0572666666667]

Peak to Signal Noise Ratio: [16.43912245757842, 14.097969382927706, 13.589969248960127, 12.983670146524686, 12.661526798825006, 12.618988545009715, 12.925510240108549, 16.116379156852105, 18.23379106889414, 15.902299667870645, 15.941878749881988, 15.702985801588433, 16.49480322836267, 17.32478927961548, 18.029376995255262, 18.009810607650977, 18.706738056395892, 18.146144813041904, 18.370311035467473, 18.25195211684154, 18.072507991920084, 18.14748883421077, 18.314780490673353, 20.089866254127106, 18.752426997962587, 17.997000455791678, 19.02614769857255, 18.25102119679101, 18.029723259982507, 17.885699187480437, 17.87303341450285, 19.28555850098816, 19.590165521811723, 17.583381350416914, 16.769535732105396, 15.420444064873905, 15.145655547910213, 15.025503815105871, 15.703641043298484, 16.466979881611554, 17.80461935742801, 16.934908889410785, 16.459060188757658, 15.975893109914319, 15.121818846598751, 15.825631981701145, 16.167369805279623, 17.21232111936871, 15.6658761775574, 15.199401599585855, 14.554081403584691, 13.790520551360663, 13.562718158482545, 12.888657917484013, 13.65725195961842, 15.147247989143501, 17.654304051669214, 13.800227012149442, 12.83213363416566, 13.401055129378403, 14.341734486101053, 14.316009747547273, 13.139724685831284, 16.624137526953756, 16.918922460753066, 16.57914541477365, 16.907394638410736, 16.744411666172976, 16.386352469576316, 15.879564636393969, 15.158771299728889, 14.81843979910057]
Longitud: 72



