Corresponde a: data/motocross/motocross.4.1.out
Error Cuadratico Medio: [1203.8124222222223, 894.3838333333333, 1064.6728333333333, 1220.556811111111, 949.6560666666667, 910.2174444444445, 1005.2352444444444, 773.6318888888889, 822.4959666666666, 660.8622222222223, 716.5303, 669.9168777777778, 574.1488222222222, 574.8307444444445, 1008.4281666666667, 503.00465555555553, 578.9087, 684.6478444444444, 637.5065333333333, 750.2224777777777, 646.3868666666667, 684.3616111111111, 886.7773555555556, 914.8650333333334, 1166.037288888889, 1210.1142444444445, 1072.1916888888888, 1618.8593555555556, 1513.4852444444443, 1720.1728222222223, 1479.990011111111, 1103.7784333333334, 1982.8026666666667, 2553.8480666666665, 2401.3958333333335, 1935.8174111111111, 1088.8193, 1059.8402777777778, 808.4766111111111, 1289.4857222222222, 2336.2164555555555]

Peak to Signal Noise Ratio: [17.325215403417335, 18.615564204570244, 17.858641883108923, 17.26522362302857, 18.355140138881453, 18.539352063033768, 18.108126539284626, 19.245459979276017, 18.97946583922136, 19.929694344617825, 19.578458006850465, 19.870594413938417, 20.540558825942963, 20.535403728296963, 18.094353933031403, 21.115083561842866, 20.50470284554516, 19.77613115712309, 20.085957209759158, 19.378902887516716, 20.0258783703724, 19.77794720826153, 18.652657662798017, 18.517233319402703, 17.463679218516585, 17.302539877500752, 17.828079244062323, 16.038712414285456, 16.33102169660283, 15.77508279095834, 16.428215766445504, 17.701984567119844, 15.158008665527717, 14.058853041860097, 14.326166081147473, 15.262159692005458, 17.76124550464317, 17.878399406091688, 19.05412900400765, 17.02663823075173, 14.445672822313519]
Longitud: 41



Corresponde a: data/motocross/motocross.4.2.out
Error Cuadratico Medio: [1308.9732222222221, 1026.6787333333334, 1150.1876777777777, 1362.7935222222222, 1117.2454333333333, 1334.4700777777778, 926.5657222222222, 919.1649111111111, 1118.5495666666666, 813.1395333333334, 905.9055111111111, 1003.3889, 900.0444888888888, 917.3673555555556, 727.7824666666667, 748.6617222222222, 623.4092888888889, 626.6885222222222, 533.2684666666667, 866.0354111111111, 679.6287444444445, 650.4803888888889, 667.4248666666666, 770.1598666666666, 656.6219777777778, 684.3370888888888, 993.6115888888888, 745.6015888888888, 852.4523666666666, 1088.7057444444445, 953.9677888888889, 1047.5419111111112, 1207.3603, 1504.9887444444444, 1142.6550555555555, 1099.4732555555556, 1614.3067333333333, 1576.2852777777778, 1774.2591, 2416.227711111111, 2210.887833333333, 1928.6047, 1271.6007222222222, 2441.9773111111112, 2754.253622222222, 2752.8127777777777, 3244.908188888889, 1660.9654666666668, 1363.2077555555557, 1290.970388888889, 1045.4603111111112, 949.1108333333333, 1319.4673333333333, 1765.5725555555555]

Peak to Signal Noise Ratio: [16.961495986258466, 18.016457947469153, 17.52311650276854, 16.786503003027352, 17.64931772681799, 16.877715206250038, 18.462041311836998, 18.496869239536604, 17.644251269700348, 19.029152846992943, 18.55997459154746, 18.11611068536765, 18.588163838714514, 18.50537079131608, 19.51078772274521, 19.387947318972575, 20.18307091828063, 20.160286201829397, 20.861344572104514, 18.755447107261546, 19.808086220870116, 19.99846153168962, 19.88677977465928, 19.264994772476914, 19.957649459715824, 19.778102828571484, 18.15863712655831, 19.405735360325252, 18.824102400324445, 17.76169846431257, 18.33546650046397, 17.929089531912346, 17.312434694352604, 16.355471089406713, 17.551652154056402, 17.718956911601037, 16.050943026395643, 16.154455415260887, 15.64063319507693, 14.299425000335146, 14.685136511250501, 15.27837140067727, 17.087295949618873, 14.253387363552878, 13.73076431606382, 13.733036853782927, 13.018779474427733, 15.927197577916008, 16.785183126520046, 17.021640799412594, 17.937728105555507, 18.357634303220685, 16.92681718209296, 15.66194791429885]
Longitud: 54



Corresponde a: data/motocross/motocross.4.4.out
Error Cuadratico Medio: [1638.5288333333333, 2477.3106555555555, 2395.022988888889, 1531.3089, 1932.3320777777778, 2762.440511111111, 2446.470888888889, 1203.7168111111112, 1508.5008222222223, 1502.5278777777778, 1415.3569444444445, 952.9867666666667, 1068.9027888888888, 1121.5789, 1004.7950555555556, 777.1415444444444, 953.8183888888889, 1052.7187666666666, 860.6258, 637.7523666666667, 842.4213888888889, 893.0601444444444, 253.76085555555557, 855.8664777777777, 749.8264, 921.5301444444444, 1020.8730444444444, 949.4641111111112, 833.8821666666666, 1084.6335333333334, 1211.8158555555556, 1235.0510111111112, 933.2796222222222, 1168.0915333333332, 1384.7976666666666, 1383.2896444444445, 1102.4887222222221, 1414.6871, 1555.809611111111, 1660.3180111111112, 1719.3303222222223, 1630.3953, 1657.0758666666666, 1615.6372222222221, 2106.5973, 2978.973288888889, 3380.9928333333332, 3461.5779666666667, 2567.926966666667, 3405.5979333333335, 3563.147811111111, 2964.6030111111113, 3204.3572777777777, 4101.381633333333, 4089.809622222222, 3475.3331333333335, 3343.225733333333, 2580.1848555555557, 1776.0734444444445, 1397.5315222222223, 1212.464511111111, 1203.5342777777778, 1375.0858777777778, 1588.270711111111]

Peak to Signal Noise Ratio: [15.986262727647834, 14.190998901989316, 14.337706744744585, 16.280175542103873, 15.269985974046707, 13.717874265636524, 14.245403085095935, 17.32556034940936, 16.34534809640644, 16.362578222545388, 16.622143807577793, 18.339934908733895, 17.841421506720803, 17.632505304483978, 18.110028715669685, 19.225802347661766, 18.336146698239638, 17.9076799575831, 18.7826599956562, 20.084282819383105, 18.875509759116415, 18.621996527959805, 24.08655731002664, 18.806743444236865, 19.38119633808142, 18.485708147455263, 18.041086241927918, 18.356018074251818, 18.919756747168947, 17.77797333591175, 17.296437303049924, 17.213954653074026, 18.43068577577913, 17.456034848175502, 16.71694037770247, 16.72167235123425, 17.707062052692663, 16.624199674884586, 16.21123910825323, 15.928890817174256, 15.777210383770178, 16.007874461602984, 15.937379684893493, 16.047365106634118, 14.894988376484857, 13.39013751758328, 12.840361106721163, 12.73806243001699, 14.034976928825806, 12.808869872477501, 12.612465221771751, 13.411138154870187, 13.073394280134853, 12.001501786227493, 12.013772684944769, 12.720839199895417, 12.88914659886667, 14.014295390628998, 15.63619440046136, 16.677187484076427, 17.294113252259187, 17.326218969691624, 16.74750539006823, 16.121558336069523]
Longitud: 64



Corresponde a: data/motocross/motocross.4.8.out
Error Cuadratico Medio: [1473.3216444444445, 2506.9628, 2948.6792111111113, 3591.7608444444445, 4053.728577777778, 4219.761922222222, 3849.950622222222, 1699.708688888889, 1042.8076555555556, 1859.5356666666667, 1885.7402444444444, 2026.849788888889, 1633.1774555555555, 1313.033877777778, 1096.8099555555555, 1097.4567777777777, 939.3641888888889, 1090.9648777777777, 1044.6531666666667, 1073.4135, 1137.3613222222223, 1132.5069, 1078.1236666666666, 690.7419333333333, 942.1778666666667, 1159.823, 953.0321444444445, 1137.0192222222222, 1197.0204888888888, 1219.7896666666666, 1213.4633777777779, 837.8667222222223, 761.0519666666667, 1225.8567777777778, 1472.9278777777777, 2056.2995555555553, 2242.885822222222, 2348.4473666666668, 2012.0666111111111, 1601.7180888888888, 1178.7293777777777, 1533.5359888888888, 1735.6020222222223, 1954.4422333333334, 2284.9582666666665, 1832.038011111111, 1677.1287777777777, 1285.7608666666667, 1970.076988888889, 2289.8024111111113, 2558.7267, 3015.3119333333334, 3181.7408444444445, 3864.8695222222223, 3232.2739, 2170.461888888889, 1234.3125, 3189.222366666667, 3909.623666666667, 3343.826688888889, 2661.0400666666665, 2750.2883333333334, 3503.7812777777776, 1492.875988888889, 1519.7465444444445, 1764.7812111111111, 1573.2837666666667, 1579.3168666666666, 1669.7654, 1668.5422888888888, 1913.0980333333334, 2106.935111111111]

Peak to Signal Noise Ratio: [16.447827917860472, 14.139324712154743, 13.434528329489419, 12.57772949185528, 12.052256942414562, 11.87792411987251, 12.276252013941981, 15.827058663420285, 17.948761500772868, 15.43675848144433, 15.375984912225535, 15.062587968191796, 16.000469845933143, 16.94804429338872, 17.729489770521546, 17.726929358646796, 18.40246361188868, 17.752695916112206, 17.941082357843463, 17.8231330789096, 17.57181905574121, 17.590395041584966, 17.80411781213364, 19.737645390553684, 18.389474631493478, 17.486886440449176, 18.339728118356543, 17.573125540214466, 17.34978776764565, 17.267954109154648, 17.290536869729497, 18.89905419095362, 19.316660482944094, 17.246406282501482, 16.44898878824989, 14.999939792176331, 14.62273195194426, 14.422995296347313, 15.094380065719296, 16.08494280588917, 17.416662531676245, 16.273863884447735, 15.736302133958475, 15.220575221780898, 14.54202088506634, 15.501458807039, 15.885139498235185, 17.0392015739963, 15.185971625254634, 14.5328235253082, 14.050564599047252, 13.337481144023775, 13.104155577796131, 12.259455241233741, 13.035722054799487, 14.765281963972079, 17.216552337120937, 13.09395559640166, 12.209454058648737, 12.8883660107514, 13.880289471954237, 13.737021343062192, 12.685433731946333, 16.390566278770542, 16.31309196296489, 15.663894894992445, 16.162732992854227, 16.146110873264597, 15.904249032787177, 15.907431426260656, 15.313431356159196, 14.894292003525159]
Longitud: 72



