Corresponde a: data/motocross/motocross.2.1.out
Error Cuadratico Medio: [1204.905188888889, 866.7378666666667, 1015.2031111111111, 1437.9873444444445, 896.6808222222222, 957.1214333333334, 924.0908111111111, 723.2676777777777, 746.2292666666667, 639.1973444444444, 639.8393222222222, 756.6322, 611.4384777777777, 570.3935888888889, 886.3665555555556, 526.5540555555556, 555.2467222222223, 706.1952888888889, 651.2476444444444, 721.8941777777778, 676.9579222222222, 663.3586222222223, 881.5379444444444, 888.9366666666666, 1227.8608222222222, 1152.2914555555556, 1068.4609666666668, 1593.5539444444444, 1466.896411111111, 1462.404188888889, 1449.6019111111111, 1071.5604222222223, 1995.5947555555556, 2544.0497777777778, 2326.768722222222, 2326.7594777777776, 1000.0042222222222, 1013.8401111111111, 720.1334555555555, 1367.4578555555556, 2276.101488888889]

Peak to Signal Noise Ratio: [17.321274862079395, 18.751925901202046, 18.065274208747233, 16.55325296978299, 18.604424794909562, 18.321133191402534, 18.473657090995907, 19.537813035910737, 19.40208083058587, 20.074453988415748, 20.070094341236388, 19.341955412456436, 20.267275954985262, 20.569057253807387, 18.65467000003968, 20.916373987852673, 20.685943574024705, 19.641555448602936, 19.993341953958453, 19.546068217130824, 19.825186858528138, 19.913319824710086, 18.678393502924923, 18.642095406142186, 17.239312184653905, 17.51518019341339, 17.84321699853007, 16.107135912206864, 16.466809148305387, 16.48012938489694, 16.518316079741467, 17.830636961780208, 15.130080069298282, 14.075547562489579, 14.463271437412342, 14.463288692325339, 18.13078527183969, 18.071108914103807, 19.556673732692442, 16.7716641041945, 14.55888737994722]
Longitud: 41



Corresponde a: data/motocross/motocross.2.2.out
Error Cuadratico Medio: [1307.9268555555554, 1026.3829888888888, 1140.383111111111, 1315.2195, 1088.5419333333334, 1490.8237222222222, 913.2764333333333, 885.4758444444444, 1086.4996444444444, 783.6646333333333, 956.0526222222222, 940.1508444444445, 856.4529222222222, 938.5785333333333, 697.0912222222222, 717.2584777777778, 627.0617555555556, 613.0370222222223, 312.5315888888889, 892.6847, 640.3716555555555, 686.2541555555556, 665.1037444444445, 712.5270222222222, 646.9319888888889, 699.2064333333333, 965.5243111111112, 714.6413333333334, 877.4453666666667, 956.5974555555556, 898.7831666666667, 1100.5559777777778, 1162.6884777777777, 1460.7763222222222, 1161.6056555555556, 1049.0433555555555, 1567.3022888888888, 1682.8121444444444, 1735.9098666666666, 2327.9943222222223, 2340.807222222222, 1967.4670333333333, 1750.975211111111, 2807.9996111111113, 2751.3495666666668, 2643.260211111111, 3486.8652666666667, 1905.6834555555556, 1156.3028555555557, 1257.6198666666667, 1000.1071555555556, 950.2128444444445, 1315.9527888888888, 1766.3770666666667]

Peak to Signal Noise Ratio: [16.964969036662325, 18.01770915370201, 17.560295840136895, 16.940821215907185, 17.76235197068661, 16.396540661688274, 18.52478109839231, 18.659036426230983, 17.770507723336323, 19.18950113302181, 18.325985638723722, 18.398828204022006, 18.80376865348085, 18.40609743829162, 19.69790746736271, 19.574046706904134, 20.157700468692738, 20.255936578644945, 23.18186440990063, 18.62382269538113, 20.066482601506962, 19.765953735673097, 19.901909680074745, 19.602790214793433, 20.02221734608475, 19.68474945320063, 18.283171474355832, 19.58992229606784, 18.69860275836998, 18.32351139506177, 18.594254309573106, 17.71468223817958, 17.476169922315574, 16.484966401160573, 17.480216430399647, 17.92286923494713, 16.179275930303252, 15.870447233143848, 15.73553189235691, 14.460984440956288, 14.437147121317793, 15.19172896767618, 15.698003631304736, 13.646833175569768, 13.73534588642629, 13.909404422738262, 12.706451944135503, 15.330295972636183, 17.50008762708744, 17.135309715526997, 18.13033826294602, 18.352594641957495, 16.93840052055648, 15.659969433405296]
Longitud: 54



Corresponde a: data/motocross/motocross.2.4.out
Error Cuadratico Medio: [1633.0119222222222, 2456.5404, 2369.3538222222223, 1517.5034555555555, 1909.0590222222222, 2693.4256333333333, 2407.604533333333, 1180.5945222222222, 1612.9436888888888, 1707.8589111111112, 1506.0828222222221, 943.7408111111112, 878.5951333333334, 914.0463888888889, 984.4406777777778, 779.3881111111111, 911.9340555555556, 987.4354777777778, 818.6275777777778, 615.9649, 874.2362111111111, 931.1490333333334, 419.14033333333333, 777.9316333333334, 686.5418111111111, 897.3005555555555, 1044.6095555555555, 984.6336666666666, 802.6029555555556, 1018.103, 1142.1260666666667, 1183.358988888889, 932.7887333333333, 1063.267388888889, 1200.0704888888888, 1181.5115555555556, 1098.543688888889, 1579.8400111111112, 1787.591688888889, 1832.542788888889, 1609.2286888888889, 1568.1025, 1730.8467222222223, 1803.4099, 2161.439822222222, 2582.726077777778, 2857.3983777777776, 2935.042733333333, 2353.7752333333333, 3145.711122222222, 3448.1776333333332, 2961.7627888888887, 3137.554722222222, 3989.8017, 3998.037566666667, 3401.922377777778, 3520.006766666667, 2870.7924, 1899.8069888888888, 1353.3530666666666, 1054.0123666666666, 1033.9881222222223, 1301.7106444444444, 1596.2150888888889]

Peak to Signal Noise Ratio: [16.00091005441455, 14.227564499778584, 14.384504408945546, 16.319506721736623, 15.32261005219571, 13.827753718821068, 14.314952084714307, 17.409795970379445, 16.05461155308904, 15.806283707776922, 16.352315057063723, 18.382276247903132, 18.692915675524628, 18.521121236382033, 18.198908101144397, 19.213265841459332, 18.53116926425243, 18.185716338459326, 18.999939898782635, 20.23524395733727, 18.714515697414544, 18.44061164124654, 21.90720906425669, 19.22138929136209, 19.764133695035913, 18.601424242273303, 17.941263666442964, 18.198056797484707, 19.085796061938566, 18.052886437033127, 17.553663173469186, 17.399638468039498, 18.43297069036926, 17.864378668844, 17.338736047899506, 17.406423873417808, 17.722630274529227, 16.14467252274054, 15.60812034055067, 15.500262368936927, 16.064625944164405, 16.177059136614027, 15.748217509015298, 15.569859114191214, 14.783372122499799, 14.010020132381172, 13.571095670342373, 13.454659320421122, 14.41315372022186, 13.153615229955198, 12.754907304004547, 13.415300884524601, 13.164890517646645, 12.121290498267502, 12.112334903155803, 12.813559608469083, 12.665368625252425, 13.550785730367776, 15.343708798721313, 16.816692494867613, 17.90234654409233, 17.985648109716642, 16.985659046595952, 16.099889490263298]
Longitud: 64



Corresponde a: data/motocross/motocross.2.8.out
Error Cuadratico Medio: [1472.5407333333333, 2507.9087444444444, 2946.954777777778, 3591.9307, 4052.1484666666665, 4219.935588888889, 3851.5337444444444, 1700.8780111111112, 1046.134, 1870.662711111111, 1902.7894111111111, 2031.0538555555556, 1635.712088888889, 1304.4175555555555, 1079.8654333333334, 1081.5939777777778, 961.0937888888889, 1134.1127666666666, 1062.907977777778, 1032.9096777777777, 1054.7903888888889, 1021.8911666666667, 945.0711666666666, 634.5598777777777, 853.4704111111112, 1020.6954666666667, 951.8722222222223, 1153.5402666666666, 1264.9455444444445, 1308.0864111111111, 1291.7064, 862.3771444444444, 749.0247888888889, 1199.4462, 1436.3370777777777, 1977.8551444444445, 2133.730777777778, 2222.8472444444446, 1902.9323222222222, 1552.9633555555556, 1192.5194777777779, 1528.3422888888888, 1758.6697777777779, 1921.9934666666666, 2337.281011111111, 1925.8787111111112, 1666.9378444444444, 1248.8446888888889, 1730.4767, 1895.8277555555555, 2262.1794444444445, 2831.1343555555554, 3223.1578777777777, 3910.7198333333336, 3298.7517444444443, 2200.774788888889, 1195.9168, 3056.0605666666665, 3766.3011555555554, 3245.2357333333334, 2586.803911111111, 2664.2948, 3428.754822222222, 1485.1993666666667, 1514.3507, 1752.6758222222222, 1570.428, 1576.3854444444444, 1664.016811111111, 1677.3857555555555, 1919.657988888889, 2106.8791555555554]

Peak to Signal Noise Ratio: [16.450130438147333, 14.137686311435438, 13.437068893926917, 12.577524117417763, 12.053950117727437, 11.877745387222589, 12.274466536695673, 15.824071942283648, 17.934930437044674, 15.410848715550745, 15.33689634931487, 15.053589215298192, 15.993734974803665, 16.976637257250992, 17.79710721308699, 17.79016100377932, 18.303145902551236, 17.584241215612728, 17.86584694155776, 17.990180143315634, 17.89914196962609, 18.036757157864066, 18.37615847462463, 20.106077519919104, 18.818918916724833, 18.041841749752145, 18.345017075551688, 17.51047601814947, 17.110085312108854, 16.96443926796196, 17.01916549492073, 18.773831229663326, 19.385841700048783, 17.34099587986426, 16.55823989318114, 15.168858796088312, 14.839407391728386, 14.661707421519612, 15.336570179871405, 16.219191528327038, 17.366148796359887, 16.288597307590912, 15.678960604396327, 15.293284538077238, 14.443694301453068, 15.284514284188672, 15.91160954392067, 17.16571929661571, 15.749146047555634, 15.352814836727372, 14.585533090667003, 13.611198809440541, 13.047987820796127, 12.2082365695763, 12.947307279763269, 14.705047585449671, 17.35379394056457, 13.27918403795257, 12.37165317368145, 13.018341115135163, 14.003168519619786, 13.874980837143, 12.7794392946042, 16.412956055098775, 16.328538982286446, 15.6937876516173, 16.17062330938539, 16.15417944714083, 15.919226513315284, 15.88447410221457, 15.298565002732536, 14.894407344104847]
Longitud: 72



