Corresponde a: data/motocross/motocross.0.1.out
Error Cuadratico Medio: [2138.1529111111113, 1561.9570222222221, 1896.1797222222222, 2924.0126111111113, 1106.0894, 1022.6731555555556, 1020.4989222222222, 1070.6217222222222, 1129.1884555555555, 787.5844777777778, 757.9217, 833.7705777777778, 968.1814666666667, 979.4924444444445, 805.2724777777778, 707.2807111111111, 712.452, 856.9728666666666, 956.8494333333333, 1341.408211111111, 782.2604777777777, 913.8656111111111, 1180.0064666666667, 1345.4989777777778, 1962.8720333333333, 1254.9344777777778, 1293.0440444444444, 2155.158911111111, 2178.040677777778, 3905.1127, 2063.4339, 1234.7342888888888, 3173.1009222222224, 3610.025166666667, 3659.1453333333334, 1498.9234222222221, 1183.279711111111, 1227.5216777777778, 1109.2404333333334, 2012.6051555555555, 3892.234677777778]

Peak to Signal Noise Ratio: [14.830416000900515, 16.194112809223512, 15.352008629553564, 13.47101119489011, 17.692901305017795, 18.033435046916292, 18.042678104862656, 17.834443101769875, 17.60313931451608, 19.167832126728907, 19.334560193709414, 18.920337952565813, 18.271235959295293, 18.22079270561393, 19.071375046334197, 19.634885466596813, 19.60324750906448, 18.80113289287174, 18.322367568601585, 16.855194004248315, 19.19728971969978, 18.521980257949764, 17.411959735364, 16.841969887165867, 15.201883735596695, 17.14459309698189, 17.014670425355458, 14.79601062392405, 14.750143743510675, 12.214467889076419, 14.984897996123367, 17.21506852085971, 13.115964755726708, 12.55570131342761, 12.497007018018433, 16.373009149147904, 17.399929428391324, 17.240511904548686, 17.68054669044754, 15.093217800096468, 12.228813431998333]
Longitud: 41



Corresponde a: data/motocross/motocross.0.2.out
Error Cuadratico Medio: [1637.3999777777778, 1220.2013222222222, 1561.9570222222221, 1896.1797222222222, 1284.9333777777779, 1707.7158, 1106.0894, 1022.6731555555556, 1318.6302888888888, 902.7643777777778, 1070.6217222222222, 1129.1884555555555, 965.4111777777778, 982.2736444444445, 757.9217, 833.7705777777778, 689.2170666666667, 719.7684444444444, 979.4924444444445, 805.2724777777778, 805.2724777777778, 864.374, 712.452, 856.9728666666666, 773.9428888888889, 786.2479888888889, 1341.408211111111, 782.2604777777777, 1047.5664555555556, 1587.1628222222223, 1180.0064666666667, 1345.4989777777778, 1316.5519, 1757.9883666666667, 1254.9344777777778, 1293.0440444444444, 2061.2869666666666, 1888.8389444444445, 2178.040677777778, 3905.1127, 2725.5841, 2158.0575222222224, 1234.7342888888888, 3173.1009222222224, 3128.3214222222223, 2977.9162555555554, 3659.1453333333334, 1498.9234222222221, 1456.4886111111111, 1401.464788888889, 1227.5216777777778, 1109.2404333333334, 1366.5710222222222, 2382.1206666666667]

Peak to Signal Noise Ratio: [15.989255807084637, 17.266488696054903, 16.194112809223512, 15.352008629553564, 17.04199750253949, 15.806647642816545, 17.692901305017795, 18.033435046916292, 16.929573136174923, 18.57505946970567, 17.834443101769875, 17.60313931451608, 18.283680379834287, 18.20847869295841, 19.334560193709414, 18.920337952565813, 19.74724337786365, 19.558875581509845, 18.22079270561393, 19.071375046334197, 19.071375046334197, 18.763786658523934, 19.60324750906448, 18.80113289287174, 19.243714466391864, 19.175208132770017, 16.855194004248315, 19.19728971969978, 17.92898777567908, 16.124588788733565, 17.411959735364, 16.841969887165867, 16.936423766971256, 15.680643640261692, 17.14459309698189, 17.014670425355458, 14.989419036038672, 15.368854323378155, 14.750143743510675, 12.214467889076419, 13.776207738061828, 14.790173444085264, 17.21506852085971, 13.115964755726708, 13.177689922070888, 13.391678804341236, 12.497007018018433, 16.373009149147904, 16.49773267819732, 16.66498170069042, 17.240511904548686, 17.68054669044754, 16.774481534834486, 14.361166039141942]
Longitud: 54



Corresponde a: data/motocross/motocross.0.4.out
Error Cuadratico Medio: [1637.3999777777778, 3201.9546, 2609.4684888888887, 1471.964311111111, 1896.1797222222222, 2843.238766666667, 2281.8896222222224, 1106.0894, 1607.8983666666666, 2091.6405222222224, 1331.7392777777777, 902.7643777777778, 1070.6217222222222, 1282.9159111111112, 1186.1628555555556, 787.5844777777778, 982.2736444444445, 1151.9959444444444, 1124.2380222222223, 689.2170666666667, 968.1814666666667, 1288.4135555555556, 805.2724777777778, 805.2724777777778, 1112.7524777777778, 1280.2848111111111, 1044.7283666666667, 856.9728666666666, 1151.0321555555556, 1587.3827555555556, 1341.408211111111, 955.9607, 1192.2807333333333, 2024.9297, 1587.1628222222223, 1180.0064666666667, 1560.5668666666666, 2440.6692666666668, 1962.8720333333333, 1757.9883666666667, 1887.3557777777778, 2241.058722222222, 2061.2869666666666, 2155.158911111111, 2601.1756111111113, 4789.147066666666, 3905.1127, 2725.5841, 3885.9058444444445, 3451.434133333333, 2806.9050444444442, 3173.1009222222224, 4098.413166666666, 4776.558788888889, 3659.1453333333334, 3600.651311111111, 3600.9285777777777, 1630.9728777777777, 1401.464788888889, 1227.5216777777778, 1244.6981888888888, 2123.3173555555554, 2012.6051555555555]

Peak to Signal Noise Ratio: [15.989255807084637, 13.076651910326804, 13.965283040467328, 16.45183080537223, 15.352008629553564, 13.592670288975967, 14.547857276302224, 17.692901305017795, 16.068217668228876, 14.925933138610706, 16.886611520287946, 18.57505946970567, 17.834443101769875, 17.048821694479624, 17.389360407995206, 19.167832126728907, 18.20847869295841, 17.516294106943448, 17.622220916330498, 19.74724337786365, 18.271235959295293, 17.030250754312103, 19.071375046334197, 19.071375046334197, 17.666817908641313, 17.05773767677291, 17.94076973954439, 18.80113289287174, 17.51992904496786, 16.123987028066622, 16.855194004248315, 18.32640322277967, 17.36701834840597, 15.066704105676163, 16.124588788733565, 17.411959735364, 16.197979789577456, 14.255714283959044, 15.201883735596695, 15.680643640261692, 15.372265858956066, 14.626271244118538, 14.989419036038672, 14.79601062392405, 13.979106875024936, 11.328221871660581, 12.214467889076419, 13.776207738061828, 12.235880874383236, 12.75080771077187, 13.648526398513315, 13.115964755726708, 12.004646227718556, 11.339652335473803, 12.497007018018433, 12.566992947569872, 12.566658533773827, 16.006336218566886, 16.66498170069042, 17.240511904548686, 17.18016303243541, 14.860654512679979, 15.093217800096468]
Longitud: 63



Corresponde a: data/motocross/motocross.0.8.out
Error Cuadratico Medio: [1637.3999777777778, 3201.9546, 3845.1530333333335, 4421.848766666667, 4608.9016, 4606.487433333334, 4014.3897, 1707.7158, 1106.0894, 2207.309366666667, 2602.9429, 3095.115566666667, 1302.3233, 1237.0846555555556, 1154.8690444444444, 1129.1884555555555, 965.4111777777778, 1186.1628555555556, 1161.3148555555556, 1162.5366888888889, 1890.4989333333333, 1536.3698666666667, 1288.4135555555556, 719.7684444444444, 979.4924444444445, 1320.9166777777777, 979.4924444444445, 1320.9166777777777, 1680.4187666666667, 1510.8860555555555, 1366.2903666666666, 856.9728666666666, 773.9428888888889, 1254.6883222222223, 1513.223688888889, 2121.171988888889, 2717.0135666666665, 2576.0367555555554, 2024.9297, 1587.1628222222223, 1180.0064666666667, 1560.5668666666666, 2067.6337777777776, 2571.3951, 2280.600988888889, 1785.9123333333334, 1657.3691444444444, 1293.0440444444444, 2061.2869666666666, 2817.0234111111113, 3703.1288666666665, 4921.406433333334, 4718.2172222222225, 4367.274633333333, 3377.2801777777777, 2158.0575222222224, 1234.7342888888888, 3451.434133333333, 4723.842077777777, 4390.429455555555, 3162.2897222222223, 3103.7791555555555, 3600.9285777777777, 1498.9234222222221, 1456.4886111111111, 1688.9603444444444, 1704.3644222222222, 1698.325388888889, 2160.044788888889, 2265.0975555555556, 2428.5711555555554, 2382.1206666666667]

Peak to Signal Noise Ratio: [15.989255807084637, 13.076651910326804, 12.28166731890501, 11.67476475842154, 11.494829248269674, 11.49710470138819, 12.09460831195627, 15.806647642816545, 17.692901305017795, 14.692171546566895, 13.976157196456935, 13.224034913474416, 16.98361550232832, 17.20680940800104, 17.5054762036233, 17.60313931451608, 18.283680379834287, 17.389360407995206, 17.48130379292792, 17.47673693043072, 15.365039242090692, 16.265845802534, 17.030250754312103, 19.558875581509845, 18.22079270561393, 16.922049372901803, 18.22079270561393, 16.922049372901803, 15.876628378387409, 16.33848647891828, 16.775373546116267, 18.80113289287174, 19.243714466391864, 17.14544504971208, 16.33177229494098, 14.865044774540603, 13.789885539134863, 14.021283055104634, 15.066704105676163, 16.124588788733565, 17.411959735364, 16.197979789577456, 14.976067424880068, 14.029115488821596, 14.55031052567169, 15.612202243915474, 15.936611116276671, 17.014670425355458, 14.989419036038672, 13.632899046261475, 12.445115353676359, 11.209911282327049, 11.393024293541965, 11.728698577510194, 12.845132698459267, 14.790173444085264, 17.21506852085971, 12.75080771077187, 11.387849905327187, 11.705733574695623, 13.13078704317159, 13.211895487120804, 12.566658533773827, 16.373009149147904, 16.49773267819732, 15.85460908094495, 15.815179009308082, 15.830594587876911, 14.786176044551148, 14.579934494739943, 14.277295283265437, 14.361166039141942]
Longitud: 72



