Corresponde a: data/motocross/motocross.3.1.out
Error Cuadratico Medio: [1203.8375, 894.4042666666667, 1064.7684666666667, 1221.0566777777778, 944.3128, 886.3896, 1002.3327555555555, 781.5976666666667, 810.8138, 668.5404333333333, 674.1170222222222, 723.9198222222223, 573.7755666666667, 590.2022888888889, 984.6133333333333, 508.0280888888889, 578.0503666666667, 684.4975444444444, 635.2945888888889, 732.3018888888889, 679.7321444444444, 670.3247777777777, 901.6540111111111, 930.8172444444444, 1169.4343111111111, 1209.1042777777777, 1047.6207222222222, 1567.8024777777778, 1506.3290222222222, 1692.8920555555555, 1481.868, 1112.8945, 2038.2773444444445, 2374.5019888888887, 2302.6913555555557, 1529.3046666666667, 1042.6786222222222, 1064.5306888888888, 809.0745888888889, 1289.7323111111111, 2336.335511111111]

Peak to Signal Noise Ratio: [17.3251249322869, 18.615464985619557, 17.85825179929698, 17.26344537811764, 18.379644843537363, 18.65455709026323, 18.120684378286978, 19.20097106671144, 19.041592291192043, 19.879526823401733, 19.843450671605925, 19.533898923153448, 20.543383103141004, 20.42079471444589, 18.198146483079917, 21.071926357646923, 20.511146798653456, 19.777084663761933, 20.101052046129325, 19.48390206516716, 19.807425527306215, 19.867950879857773, 18.58040441830584, 18.442159403811804, 17.451045290136243, 17.306166031745956, 17.928762805670292, 16.177890143910997, 16.351605172046643, 15.844510939409862, 16.422708410469905, 17.66626364762761, 15.038170835690458, 14.375078231835612, 14.508446302688476, 16.285863470897063, 17.949298914663498, 17.85922174827731, 19.050917996392926, 17.025807807013326, 14.445451507831848]
Longitud: 41



Corresponde a: data/motocross/motocross.3.2.out
Error Cuadratico Medio: [1308.976788888889, 1026.6779888888889, 1150.1733666666667, 1362.7683555555554, 1117.2597444444446, 1334.516688888889, 926.5355444444444, 918.9045444444445, 1117.3946222222223, 809.7411, 905.9009222222222, 983.2691, 899.2725555555555, 835.7291666666666, 687.6616444444444, 750.8295777777778, 604.5198, 622.1302222222222, 517.1095111111111, 902.9370333333334, 661.4606222222222, 714.9922555555555, 669.1573111111111, 749.8569777777777, 671.6839444444445, 671.6088333333333, 1086.7913222222223, 762.4786555555555, 853.3823888888888, 1204.5220777777777, 930.4844111111111, 1045.666511111111, 1202.365288888889, 1505.9234, 1142.793411111111, 1099.7957, 1606.8939333333333, 1566.9890555555555, 1745.6818666666666, 2282.861788888889, 2348.424033333333, 1974.9238, 1770.3431666666668, 2829.3221, 2773.7335555555555, 2707.8731, 3351.249122222222, 1721.8049888888888, 1384.4528, 1300.919111111111, 1045.4358555555555, 947.6715333333333, 1319.3219777777779, 1765.6499333333334]

Peak to Signal Noise Ratio: [16.961484152696745, 18.016461096538293, 17.523170539821557, 16.78658320479823, 17.64926209717213, 16.877563516113497, 18.46218276166062, 18.498099615320495, 17.648737840038095, 19.047341775628254, 18.55999659090772, 18.204079695348792, 18.591890212659195, 18.91014801704984, 19.75705559400213, 19.37538988217671, 20.31669830873904, 20.19199061589971, 20.994978351146276, 18.57422895193773, 19.925763657996125, 19.58779023105575, 19.87552133509167, 19.381019237229914, 19.85915393576391, 19.85963961307356, 17.76934198849376, 19.308526701004798, 18.819366847154804, 17.322655962436443, 18.443712593013238, 17.93687161496386, 17.330439307654494, 16.352774791781123, 17.551126331179464, 17.71768343530709, 16.07093149747564, 16.18014397665707, 15.711152601809967, 14.546007420364049, 14.423038446508551, 15.17530017299327, 15.650229018823058, 13.61397968981882, 13.70015620392208, 13.804520528714576, 12.878736476297817, 15.77096399026345, 16.718022068888608, 16.988300671427712, 17.937829697523576, 18.364225256181456, 16.92729563723517, 15.661757585074215]
Longitud: 54



Corresponde a: data/motocross/motocross.3.4.out
Error Cuadratico Medio: [1638.5170666666668, 2477.2681666666667, 2394.9459666666667, 1531.314288888889, 1932.2961444444445, 2762.261388888889, 2446.2500555555557, 1203.6243777777777, 1508.333311111111, 1502.132588888889, 1414.9183555555555, 952.8042666666666, 1068.9259666666667, 1121.4618555555555, 1004.7593666666667, 777.2272555555555, 953.6740333333333, 1050.0768888888888, 855.7429888888889, 635.2702111111112, 839.4800888888889, 878.3667222222223, 256.6150777777778, 827.0219, 770.7420333333333, 920.9692555555556, 954.8129111111111, 843.9233222222222, 786.1249888888889, 1115.1817444444443, 1288.4370111111111, 1296.5279444444445, 915.8912777777778, 1168.229111111111, 1394.2520666666667, 1392.7270333333333, 1102.3806444444444, 1433.2321444444444, 1612.4437444444445, 1719.0236444444445, 1653.882211111111, 1627.7119777777777, 1804.0882333333334, 1850.0599, 2172.5767111111113, 2807.7149444444444, 3197.046611111111, 3324.7037777777778, 2642.994111111111, 3488.9964333333332, 3531.905488888889, 2872.4674, 3194.2196555555556, 3897.814422222222, 3707.187033333333, 3070.953233333333, 2711.0804222222223, 1990.3882555555556, 1590.0545, 1387.3647333333333, 1160.2459, 1116.2102444444445, 1300.9557222222222, 1554.8111333333334]

Peak to Signal Noise Ratio: [15.986293915483216, 14.191073389410544, 14.337846412982138, 16.28016025870423, 15.270066735493792, 13.718155880080642, 14.24579512338809, 17.325893856656407, 16.34583038444796, 16.36372092592966, 16.623489801981894, 18.340766676139694, 17.841327336587053, 17.63295854418798, 18.110182973621995, 19.22532338973838, 18.33680403056347, 17.91859260657399, 18.807370112225776, 20.101218698540464, 18.89069961034978, 18.69404487119164, 24.037981904996542, 18.955633508036062, 19.26171316470018, 18.488352283534006, 18.33162077903952, 18.867773718827273, 19.175887592696355, 17.657347094682937, 17.030171691765908, 17.002984791861927, 18.512364377061402, 17.45552336641522, 16.687390639594568, 16.692143553798267, 17.70748781562676, 16.56763820934055, 16.055957891286894, 15.777985106025396, 15.94575784844885, 16.01502801548201, 15.568225869121408, 15.458945709414774, 14.761052410525739, 13.647273472744413, 13.08331392784904, 12.913274039829044, 13.909841653921964, 12.703798353820934, 12.650712871977149, 13.548252523432534, 13.087155830931163, 12.222592026700493, 12.440358634556825, 13.258071581206803, 13.799379600674737, 15.14142560438809, 16.116683506080726, 16.708897102844706, 17.485303184551636, 17.653343567660396, 16.98817845183952, 16.214027191016836]
Longitud: 64



Corresponde a: data/motocross/motocross.3.8.out
Error Cuadratico Medio: [1473.3072333333334, 2506.905133333333, 2948.541777777778, 3591.6438444444443, 4053.593422222222, 4219.670777777777, 3849.8661444444447, 1699.7213, 1042.8485888888888, 1859.6949777777777, 1886.0188333333333, 2027.0719666666666, 1633.4231, 1313.2137444444445, 1096.8839222222223, 1097.4869, 939.2925333333334, 1090.8804555555555, 1044.3868, 1072.9924333333333, 1137.038711111111, 1132.2238111111112, 1077.8172777777777, 690.6706222222223, 942.2245222222223, 1160.0079, 954.2973888888889, 1138.872211111111, 1198.6171333333334, 1220.9385111111112, 1214.4094666666667, 837.9137, 760.3601, 1221.4962, 1461.9538777777777, 2026.8036444444444, 2205.120088888889, 2311.622788888889, 1983.3071444444445, 1590.1105333333333, 1174.9011888888888, 1510.8096777777778, 1696.0648555555556, 1882.3524555555555, 2208.487166666667, 1780.3328, 1630.9477444444444, 1267.1953444444443, 2048.1026888888887, 2511.894533333333, 2856.4427444444445, 3289.055766666667, 3227.749911111111, 3675.4393, 2960.4207555555554, 2023.9171555555556, 1107.6280222222222, 2624.7646666666665, 3263.098933333333, 2964.8729, 2554.3009888888887, 2660.6539333333335, 3392.3159666666666, 1484.5946444444444, 1470.1001888888889, 1670.591, 1518.9795888888889, 1521.148211111111, 1603.447588888889, 1672.0748444444444, 1927.0454333333332, 2105.559422222222]

Peak to Signal Noise Ratio: [16.447870398038965, 14.139424612333436, 13.434730752082771, 12.577870963640843, 12.052401743156366, 11.878017926010164, 12.276347310320704, 15.827026440747755, 17.948591030487155, 15.436386426344132, 15.375343356840428, 15.06211193244762, 15.999816677447317, 16.947449413452244, 17.72919690089634, 17.726810158185963, 18.40279490830939, 17.75303199956156, 17.94218986728291, 17.824837015050967, 17.573051101328993, 17.591480768398927, 17.805352196637536, 19.738093772493706, 18.389259579225964, 17.486194139558847, 18.333966253387977, 17.566053647280512, 17.34399879549041, 17.263865683051506, 17.287152168544903, 18.898810696168795, 19.320610417387783, 17.26188240619935, 16.481466893011763, 15.062686843332077, 14.696481151268069, 14.491633936062227, 15.156903845304639, 16.116530463913314, 17.430790176004002, 16.338706027478846, 15.8363790571174, 15.38379415968237, 14.689854809149061, 15.625791677197789, 16.006403143972147, 17.102367921763133, 15.017286331247819, 14.130789600992964, 13.572548375373476, 12.960091237640071, 13.041804830310145, 12.477711061106076, 13.41726920474568, 15.068876291929477, 17.686864263056272, 13.939899897162897, 12.994501195809873, 13.410742803722771, 14.058082893533498, 13.880919705771664, 12.825840643973214, 16.414724713307677, 16.457334274810393, 15.902102234729579, 16.315284227473768, 16.309088298314542, 16.080255919438596, 15.89824647692103, 15.281884068697702, 14.89712858460448]
Longitud: 72



