Corresponde a: data/darthvader/darthvader.3.1.out
Error Cuadratico Medio: [2.786188888888889, 2.608288888888889, 5.270288888888889, 5.606255555555555, 5.040555555555556, 5.231911111111111, 2.3513777777777776, 1.5061888888888888, 2.0032888888888887, 3.2076444444444445, 6.257655555555556, 7.124388888888889, 10.082833333333333, 11.915555555555555, 20.165955555555556, 18.337744444444443, 15.069755555555556, 24.23781111111111, 30.123744444444444, 34.78635555555555, 45.7284, 42.7367, 39.548566666666666, 46.29366666666667, 49.17031111111111, 47.916466666666665, 22.418522222222222, 68.8127, 59.71772222222222, 79.12991111111111, 96.40218888888889, 168.24995555555554, 109.66372222222222, 38.6679, 44.47846666666667, 89.16496666666667, 53.800777777777775, 129.18016666666668, 159.14533333333333, 280.65144444444445, 371.6137888888889, 795.0670444444445, 861.7441777777777, 434.3887888888889, 167.67105555555557, 117.16374444444445, 98.04702222222222, 210.72663333333333, 190.29142222222222, 1311.2173555555555]

Peak to Signal Noise Ratio: [43.680698049101316, 43.967246695511015, 40.912459393153895, 40.64407470112577, 41.10601955093937, 40.94420004045943, 44.4175795138402, 46.352009213683814, 45.11336778621981, 43.06894138529376, 40.166687065701154, 39.60332743214143, 38.094977723966004, 37.36966064996393, 35.08461555170311, 35.497344447778104, 36.34974153127556, 34.28586964238738, 33.34171406271309, 32.71671429246482, 31.528943548366136, 31.822793766646015, 32.15949612605327, 31.475587806460087, 31.21377404694662, 31.325955749370905, 34.62473379365718, 29.75411762299293, 30.369771265367138, 29.14739682995521, 28.289934658491713, 25.871254026939138, 27.730173781829617, 32.257297740851676, 31.649305537346414, 28.62886109316202, 30.822918067227963, 27.01884520339004, 26.112864526724138, 23.64913079098831, 22.42988540564463, 19.126766085578858, 18.777020030119175, 21.752017528196287, 25.88622262468347, 27.442871179883088, 28.21645952584611, 24.89360932147691, 25.336611488579102, 16.954056718520476]
Longitud: 50



Corresponde a: data/darthvader/darthvader.3.2.out
Error Cuadratico Medio: [2.1517666666666666, 3.0956333333333332, 3.707088888888889, 7.693266666666666, 4.142455555555555, 5.373566666666667, 8.044166666666667, 9.7011, 3.2062, 3.4801555555555557, 1.3895555555555557, 1.9430444444444444, 5.002066666666667, 8.275066666666667, 7.689788888888889, 10.683111111111112, 9.821144444444444, 12.780733333333334, 27.758222222222223, 30.57948888888889, 19.904044444444445, 22.26521111111111, 27.094666666666665, 29.438644444444446, 58.12208888888889, 64.82174444444445, 35.15846666666667, 45.234544444444445, 82.49957777777777, 41.32256666666667, 82.86401111111111, 94.34075555555556, 51.84166666666667, 49.66201111111111, 94.26923333333333, 54.016777777777776, 120.85978888888889, 130.85266666666666, 76.89973333333333, 84.47712222222222, 211.07534444444445, 277.9561888888889, 142.6155777777778, 213.58055555555555, 48.7375, 51.925288888888886, 103.46266666666666, 131.64555555555555, 115.79761111111111, 191.11276666666666, 151.76512222222223, 174.67413333333334, 504.9083777777778, 611.8693888888889, 453.7741111111111, 665.6799555555556, 761.2526777777778, 553.5315111111111, 657.5793, 373.0381222222222, 146.92394444444443, 156.0116111111111, 199.56424444444445, 204.4331, 316.8133555555556, 156.72915555555556]

Peak to Signal Noise Ratio: [44.802851853573955, 43.22330846434717, 42.44047361163915, 39.2696957450391, 41.958225033011026, 40.828177195864356, 39.07599300725428, 38.26259379504273, 43.07089751088327, 42.71481704447318, 46.70204445962585, 45.24597626271103, 41.13930885234218, 38.95308859586458, 39.271659437776805, 37.84382615513263, 38.209182623938865, 37.06524587367678, 33.696887126226414, 33.27650138607509, 35.14139028104602, 34.65453543549514, 33.8019654841368, 33.44162552615886, 30.487391465596232, 30.01359646538241, 32.67050434532342, 31.57610139958097, 28.96628634975567, 31.968930718695244, 28.94714408960191, 28.383810107698174, 30.984014055728654, 31.170560581186976, 28.387103857739355, 30.80551686885938, 27.30798529556091, 26.96297783247627, 29.271555270750966, 28.863412499998653, 24.886428542162705, 23.691040125153844, 26.58913395145686, 24.83518649025036, 31.252171126718686, 30.977014394354235, 27.982966930610992, 26.93674159258557, 27.493807608198765, 25.317906612137836, 26.319083848738, 25.708517637403542, 21.09867784007889, 20.264216343736354, 21.5624064614207, 19.898148808618245, 19.315515275526703, 20.699380116926662, 19.951322273171677, 22.413271445424794, 26.459877816012618, 26.19923439091454, 25.12997628683557, 25.025291465894828, 23.122768794851083, 26.179305672130553]
Longitud: 66



Corresponde a: data/darthvader/darthvader.3.4.out
Error Cuadratico Medio: [2.9959555555555557, 4.876588888888889, 6.317522222222222, 5.187188888888889, 12.451522222222222, 17.465933333333332, 18.139866666666666, 12.850777777777777, 4.942688888888889, 15.17901111111111, 7.555244444444445, 4.219622222222222, 1.8025777777777778, 4.806055555555556, 6.037433333333333, 3.6693555555555557, 14.620633333333334, 15.346766666666667, 17.0673, 8.877455555555555, 27.677577777777778, 41.76755555555555, 45.36488888888889, 37.79802222222222, 20.66607777777778, 57.361866666666664, 58.4274, 46.62317777777778, 45.926833333333335, 99.2247, 112.9623, 41.66667777777778, 94.12496666666667, 128.56212222222223, 108.20867777777778, 46.56786666666667, 104.95887777777777, 153.44255555555554, 166.26836666666668, 127.85332222222222, 59.9752, 173.70065555555556, 180.0902888888889, 147.4556888888889, 74.87455555555556, 219.31924444444445, 231.1069777777778, 96.1927, 239.429, 353.92751111111113, 339.6676777777778, 159.155, 290.162, 318.31753333333336, 246.444, 139.54577777777777, 93.45271111111111, 234.1452888888889, 312.7336, 281.4130777777778, 173.23444444444445, 452.2711888888889, 608.2546777777778, 341.98206666666664, 821.5225777777778, 1212.6045444444444, 1330.1601555555555, 758.0918222222223, 1500.0225777777778, 1415.0450777777778, 993.5333333333333, 459.7016777777778, 193.05404444444446, 471.212, 543.5592, 503.9724, 284.63901111111113, 854.8172555555556, 1254.3480444444444, 1952.7639333333334]

Peak to Signal Noise Ratio: [43.36544994470703, 41.249642160642594, 40.12533582619209, 40.981482979700424, 37.178579128658924, 35.70888562724416, 35.54446270323753, 37.04150947257031, 41.1911708564707, 36.31836881994679, 39.34831840683143, 41.87806790036191, 45.57186348097274, 41.31291574147893, 40.322280126570476, 42.48490564529186, 36.48114175167106, 36.270634707445, 35.8091553851398, 38.647918541578775, 33.709522809999214, 31.92241301925467, 31.56360509360146, 32.356112848520304, 34.97822301323451, 30.544570851913928, 30.464638000886424, 31.444784897030893, 31.51013859131039, 28.164605663503526, 27.601468344978294, 31.9329148676767, 28.393755254597938, 27.03967327994753, 27.788182705235663, 31.44994018063295, 27.92061182295968, 26.27134537891989, 25.92270730342947, 27.06368343374285, 30.351086559787458, 25.73278903367138, 25.575900661254316, 26.44418828433178, 29.38746103371612, 24.72003619799882, 24.49267302603704, 28.29938245898837, 24.339036092118477, 22.64166038808601, 22.820261387862814, 26.112600739379083, 23.50439824823068, 23.102198000973612, 24.213621117129822, 26.683636602478686, 28.42488455864494, 24.435949368670116, 23.179058166551396, 23.637360848454037, 25.74446113227614, 21.576814381786086, 20.289949033139408, 22.790770283553815, 18.98460857284826, 17.293611693725193, 16.891764263019127, 19.333585490758715, 16.369825649252235, 16.623100858709805, 18.158979184710123, 21.506042720658254, 25.27401456428145, 21.398640190985784, 20.778335100845954, 21.106736078666607, 23.587859389452813, 18.81207080510037, 17.14662303791562, 15.22430615607366]
Longitud: 80



Corresponde a: data/darthvader/darthvader.3.8.out
Error Cuadratico Medio: [4.7984, 12.933533333333333, 23.304477777777777, 33.129222222222225, 43.56505555555555, 33.432611111111115, 26.9054, 4.808466666666667, 15.036922222222222, 21.3968, 35.636, 23.20591111111111, 16.83577777777778, 13.128177777777777, 8.085244444444445, 2.3172888888888887, 9.777555555555555, 18.872166666666665, 45.976077777777775, 52.48661111111111, 56.81887777777778, 57.31311111111111, 50.28575555555555, 17.859344444444446, 39.3244, 60.63602222222222, 94.27936666666666, 109.6861, 119.58045555555556, 115.96754444444444, 100.21253333333334, 39.36134444444444, 83.17115555555556, 127.1736, 193.4369, 213.5239, 223.08323333333334, 213.2478111111111, 109.58051111111111, 45.50701111111111, 114.61306666666667, 179.6189777777778, 272.8176, 293.9504111111111, 292.91122222222225, 267.88728888888886, 159.29013333333333, 64.02005555555556, 180.10396666666668, 289.40448888888886, 470.91015555555555, 525.7583111111111, 611.4410555555555, 638.4032777777778, 566.2001444444444, 482.2092222222222, 147.75665555555557, 354.36348888888887, 535.3198, 583.5033666666667, 521.3476888888889, 455.5081222222222, 305.10763333333335, 226.50788888888889, 128.1719, 298.89535555555557, 567.4553111111111, 802.9285888888888, 1013.8650666666666, 1172.433, 1081.0326333333333, 875.1433555555556, 486.64894444444445, 1947.1370111111112, 2268.1328444444443, 2406.0607555555557, 1942.0391666666667, 1437.3511666666666, 751.5624111111111, 409.30525555555556, 168.70386666666667, 530.7509888888889, 696.7931111111111, 812.2943222222223, 936.6492777777778, 770.2077777777778, 441.32275555555555, 150.52655555555555]

Peak to Signal Noise Ratio: [41.319839124524584, 37.01363174151242, 34.45640985449576, 32.92869120837508, 31.739420886712164, 32.88910064237553, 33.83240907823014, 41.31073751098852, 36.35921407503974, 34.82731533605562, 32.61191410604634, 34.474817364963975, 35.86847176182149, 36.94875911699692, 39.05387206227403, 44.481001816185135, 38.228500685983654, 35.37258597567839, 31.505484420452284, 30.93031828169442, 30.585877090897856, 30.548263770879526, 31.116353809756305, 35.612148474903854, 32.184182558580794, 30.303496574194003, 28.386637044328467, 27.72928765889216, 27.354201572856432, 27.487438995798303, 28.121583198046352, 32.18010436890324, 28.931076253828998, 27.086833955011905, 25.265410372544487, 24.836338676558473, 24.646134304067854, 24.8419577883489, 27.733470391056173, 31.55002048775681, 27.538462278985275, 25.587281404032844, 23.772079767884364, 23.448062889498445, 23.463443498697487, 23.851282538158106, 26.108914850767988, 30.06764314185996, 25.575570829041567, 23.51575097787189, 21.401423044150366, 20.92294214191121, 20.267257645501232, 20.07985252705144, 20.601103850450833, 21.298448488913397, 26.435333084993783, 22.63631391983965, 20.84467053834726, 20.47036994710107, 20.959529081948315, 21.545842355306988, 23.286272876959217, 24.57997028509128, 27.05287538591439, 23.375611941466786, 20.59148695711213, 19.084034392886107, 18.071002014341552, 17.43992327017406, 17.79241556588349, 18.71001161071626, 21.25864575152712, 15.236838489595977, 14.574118732927273, 14.317737713348304, 15.248223764412998, 16.555174750483516, 19.37115309842897, 22.010330397649728, 25.859553242020084, 20.881895488568404, 19.69976512526771, 19.033669432560895, 18.415033582824123, 19.264724609295296, 21.683240396808095, 26.3546723692559]
Longitud: 88



