Corresponde a: data/darthvader/darthvader.4.1.out
Error Cuadratico Medio: [2.7959, 2.6146555555555557, 5.277222222222222, 5.619177777777778, 5.0616, 5.406311111111111, 2.2366111111111113, 1.7985222222222221, 2.163511111111111, 3.042188888888889, 7.5396, 7.933655555555555, 10.599233333333334, 14.068566666666667, 16.381422222222223, 18.28351111111111, 15.101088888888889, 24.23651111111111, 30.247644444444443, 34.87692222222222, 37.16238888888889, 71.46071111111111, 49.72262222222222, 46.53946666666667, 49.132511111111114, 47.99995555555556, 23.38412222222222, 54.79527777777778, 68.58377777777778, 81.16235555555555, 96.3732, 170.56874444444443, 103.48103333333333, 44.61257777777778, 52.59858888888889, 71.29202222222223, 55.9438, 129.90533333333335, 159.42134444444446, 281.2656777777778, 382.5741777777778, 644.643, 700.1744444444445, 423.97175555555555, 184.7001111111111, 115.79044444444445, 97.92233333333333, 215.01645555555555, 157.3382777777778, 864.2063666666667]

Peak to Signal Noise Ratio: [43.66558726778831, 43.95665876144285, 40.90674978297223, 40.63407588483539, 41.08792539416818, 40.80179326913432, 44.63489882797508, 45.58164552614485, 44.77921230927873, 43.29894185057779, 39.357320551043465, 39.13607019477544, 37.87805907975248, 36.648305079581476, 35.987287567005396, 35.51020760840059, 36.3407209692667, 34.28610258337582, 33.323888015360225, 32.70542208027156, 32.42976737141686, 29.590130272817166, 31.16526336903693, 31.45258958819882, 31.217113998303855, 31.318395256170298, 34.44159288577632, 30.743372279934086, 29.768589573293504, 29.03725717899231, 28.291240812212727, 25.81180908238707, 27.982196040556815, 31.636230427524925, 30.92106267778609, 29.600394270709486, 30.65328398242828, 26.99453379235306, 26.10533893532643, 23.63963621454756, 22.30364707322682, 20.037610897259192, 19.678741053947675, 21.857434354424974, 25.466132041665542, 27.494076399590487, 28.22198607396922, 24.80608662424404, 26.162459687890962, 18.764628994041356]
Longitud: 50



Corresponde a: data/darthvader/darthvader.4.2.out
Error Cuadratico Medio: [2.154777777777778, 3.0983666666666667, 3.7188, 7.705344444444444, 4.148211111111111, 5.376711111111111, 8.071877777777777, 9.742688888888889, 3.173711111111111, 3.4559777777777776, 1.5247222222222223, 2.271166666666667, 4.8040111111111115, 9.890666666666666, 5.939266666666667, 9.633322222222223, 9.7348, 12.729033333333334, 27.35858888888889, 29.60638888888889, 18.171433333333333, 23.502844444444445, 32.48071111111111, 31.235366666666668, 57.53921111111111, 66.52415555555555, 37.867644444444444, 39.30271111111111, 100.09685555555555, 45.51773333333333, 84.35222222222222, 94.4561, 52.086055555555554, 49.801, 94.31132222222222, 54.045544444444445, 121.06046666666667, 131.26315555555556, 80.19107777777778, 88.50223333333334, 210.75883333333334, 320.5352555555556, 121.3574888888889, 179.80964444444444, 55.20067777777778, 50.82008888888889, 103.25014444444444, 131.79827777777777, 115.39302222222223, 190.7660111111111, 152.82896666666667, 176.3191111111111, 512.9972111111111, 631.5573, 522.7975333333334, 575.3112888888888, 683.7752111111112, 604.561411111111, 681.3260333333334, 381.5908888888889, 149.04256666666666, 156.7650111111111, 199.55473333333333, 204.45734444444443, 316.8013888888889, 156.76847777777778]

Peak to Signal Noise Ratio: [44.79677872849688, 43.21947549159637, 42.426775385810025, 39.262883035398836, 41.95219510436929, 40.82563658261129, 39.0610578356058, 38.24401526325491, 43.11512968556301, 42.745094196014236, 46.29889630853583, 44.568313553325694, 41.31476357663964, 38.178547952670186, 40.393475357993594, 38.29304273747671, 38.24753327434934, 37.082849370995376, 33.75986667438736, 33.416949214376665, 35.53691175760961, 34.419599346910566, 33.01454832039817, 33.18433752446751, 30.531164576486734, 29.901009904575638, 32.34812070180591, 32.18657851714238, 28.126599261090753, 31.548997336965275, 28.86983832494799, 28.378503508515102, 30.963588910397224, 31.158422974230206, 28.38516527266694, 30.80320464668346, 27.300780171598092, 26.94937520417581, 29.08954310382157, 28.661261307112724, 24.892945750205758, 23.07204556494629, 27.290137793530942, 25.582673786060106, 30.71135950650637, 31.07044940532934, 27.99189692971614, 26.93170625545386, 27.509008128974777, 25.32579362102648, 26.288746841725683, 25.66780973127438, 21.029653567743154, 20.12667601471587, 20.947468310455726, 20.53177464933755, 19.781670085910118, 20.316399379671537, 19.797253773049885, 22.314823642082793, 26.39770039916573, 26.17831223291241, 25.130183273889713, 25.02477645124509, 23.122932839559525, 26.17821619505634]
Longitud: 66



Corresponde a: data/darthvader/darthvader.4.4.out
Error Cuadratico Medio: [3.004311111111111, 4.884266666666667, 6.325555555555556, 5.195544444444445, 12.46491111111111, 17.475455555555556, 18.147122222222222, 12.859111111111112, 4.951988888888889, 15.194866666666666, 7.567288888888889, 4.2303, 1.8158222222222222, 4.823433333333333, 6.046677777777778, 3.6894555555555555, 14.622766666666667, 15.3642, 17.23037777777778, 9.017055555555556, 27.707955555555557, 42.32017777777778, 46.2038, 38.445933333333336, 22.179944444444445, 56.51376666666667, 61.69113333333333, 51.667144444444446, 38.54251111111111, 93.13386666666666, 102.73896666666667, 41.258155555555554, 95.07333333333334, 129.2048888888889, 109.561, 46.593466666666664, 104.69767777777778, 150.93311111111112, 162.7001, 124.9016, 57.05981111111111, 176.61214444444445, 171.84983333333332, 133.79783333333333, 92.56742222222222, 230.7629777777778, 256.30427777777777, 99.4691888888889, 238.71731111111112, 358.7668, 338.04488888888886, 161.2505111111111, 279.18115555555556, 311.75415555555554, 248.25904444444444, 155.57534444444445, 73.90726666666667, 218.34613333333334, 279.10423333333335, 263.72152222222223, 179.21517777777777, 463.4343777777778, 614.4839333333333, 342.3239111111111, 821.2216888888889, 1211.8256222222221, 1330.3009333333334, 758.1356777777778, 1500.4114, 1415.5873, 993.8126111111111, 459.7621888888889, 193.07597777777778, 471.24477777777776, 543.5553222222222, 503.9643, 284.6497777777778, 854.8562888888889, 1254.3492888888889, 1952.7711222222222]

Peak to Signal Noise Ratio: [43.35335456889068, 41.24280993739969, 40.119816864956874, 40.97449296591911, 37.17391175027042, 35.706518549803654, 35.54272596625306, 37.038694119439135, 41.18300699310545, 36.31383467322958, 39.341400469538044, 41.86709193557966, 45.54007034131789, 41.29724080529766, 40.315635348221825, 42.46118077815409, 36.480508107911184, 36.26570409007742, 35.76785561364997, 38.58015615425229, 33.70475878524751, 31.86532877461156, 31.484026655896056, 32.2822995234287, 34.67119906859162, 30.60926106692778, 30.228576120878365, 30.998659013793507, 32.271403545917494, 28.439727268044656, 28.013451675272997, 31.975705519168947, 28.350216400420436, 27.01801413948031, 27.73424373316473, 31.44755336657206, 27.931433118488723, 26.342958368284435, 26.016925410015194, 27.165123591093042, 30.567500312183903, 25.660597970518097, 25.779312455901785, 26.866312801640305, 28.466221910162556, 24.499142263864805, 24.043245061476544, 28.15391784320735, 24.35196446899161, 22.58268113909235, 22.84105986914758, 26.055792609876846, 23.67194260363913, 23.19268109710694, 24.181752814214875, 26.21139589680591, 29.443932199279544, 24.739348554136914, 23.67313937136844, 23.91934787005697, 25.59705573477042, 21.47092114052246, 20.24569828821835, 22.786431254725716, 18.986199500763497, 17.296402301095398, 16.891304650868616, 19.33333425899061, 16.36870005643634, 16.62143703175859, 18.157758573885474, 21.505471090980567, 25.273521179923936, 21.39833810375251, 20.778366083736103, 21.106805880377443, 23.587695117680255, 18.81187249868877, 17.146618729262293, 15.224290168022186]
Longitud: 80



Corresponde a: data/darthvader/darthvader.4.8.out
Error Cuadratico Medio: [4.804277777777778, 12.93881111111111, 23.30931111111111, 33.1339, 43.570033333333335, 33.440022222222225, 26.912133333333333, 4.814566666666667, 15.033944444444444, 21.392933333333332, 35.636922222222225, 23.202733333333335, 16.837233333333334, 13.132466666666666, 8.082611111111111, 2.3150555555555554, 9.783933333333334, 18.883277777777778, 46.015455555555555, 52.528844444444445, 56.848166666666664, 57.38567777777778, 50.32994444444444, 17.870044444444446, 39.334022222222224, 60.747144444444444, 94.51534444444444, 109.9282, 119.88484444444444, 116.22916666666667, 100.35792222222223, 39.40928888888889, 83.16247777777778, 127.35735555555556, 193.7662, 214.13178888888888, 224.0374888888889, 214.43333333333334, 110.40817777777778, 45.78831111111111, 114.89914444444445, 181.76313333333334, 276.9817888888889, 302.09295555555553, 303.04415555555556, 279.60513333333336, 166.72656666666666, 66.76363333333333, 178.89352222222223, 294.0307666666667, 484.0149333333333, 570.7919333333333, 676.9329444444444, 730.2724222222222, 637.3981777777777, 527.6676111111111, 145.66806666666668, 357.97128888888886, 570.0801555555555, 587.3004, 509.8435, 425.3312888888889, 285.06573333333336, 217.06972222222223, 127.34804444444444, 293.18856666666665, 552.5693666666666, 777.4568444444444, 984.2530555555555, 1144.2739333333334, 1069.4851, 871.3514666666666, 488.42854444444447, 1958.9843777777778, 2283.0822333333335, 2421.669088888889, 1954.093288888889, 1444.5074333333334, 754.3722777777778, 409.8821111111111, 169.08185555555556, 531.7931444444445, 698.2684111111112, 813.9112555555555, 938.1394444444444, 771.2487666666667, 441.8688666666667, 150.68522222222222]

Peak to Signal Noise Ratio: [41.314522510070546, 37.01185988059559, 34.45550922399417, 32.928078036821525, 31.73892468674245, 32.88813803494912, 33.83132235078441, 41.30523156166322, 36.36007419821197, 34.828100230875215, 32.611801716653645, 34.475412121123, 35.86809630401394, 36.94734053734367, 39.05528677326259, 44.48518943405206, 38.22566876065366, 35.37002979102545, 31.50176634944654, 30.926825137849857, 30.58363897462252, 30.54276845442263, 31.112539098565154, 35.60954728230595, 32.18312002060519, 30.295544931023862, 28.375780394848455, 27.71971244118907, 27.343160767696382, 27.477652368331285, 28.115286996239487, 32.17481762450363, 28.93152940463584, 27.080563280587484, 25.25802338585093, 24.823992156929698, 24.627596646082665, 24.817880641872048, 27.70079118704529, 31.523257358737755, 27.527635659867627, 25.535745601641885, 23.706291450347283, 23.329397627016156, 23.315744481511423, 23.66535220411307, 25.910755538565923, 29.88540397544936, 25.60485745924225, 23.446875845562204, 21.282215997106594, 20.56602534010402, 19.825347103512833, 19.495954604768432, 20.08669543308777, 20.907199234037193, 26.497160046398996, 22.59232165445134, 20.571444373567076, 20.442200642344993, 21.056434740186702, 21.843530287253323, 23.581353453075018, 24.76481110369924, 27.08088080539675, 23.459333305413594, 20.706935560318847, 19.22404069586796, 18.19973589161948, 17.545503560841517, 17.839056224819686, 18.728869943269867, 21.242793240789638, 15.21049388207507, 14.54558806434305, 14.289655625596362, 15.221350676660377, 16.533605798331827, 19.354946406155136, 22.00421396479843, 25.84983355605436, 20.873376264980465, 19.690579653834494, 19.02503306499112, 18.408129644379557, 19.258858783229353, 21.677869578826552, 26.350096979496765]
Longitud: 88



