Corresponde a: data/darthvader/darthvader.1.1.out
Error Cuadratico Medio: [1.9562666666666666, 2.081722222222222, 5.184288888888889, 5.507055555555556, 4.5015, 4.845266666666666, 1.2202555555555556, 1.4357777777777778, 1.3574777777777778, 2.4282333333333335, 5.771722222222222, 6.311133333333333, 9.5099, 13.405566666666667, 15.368166666666667, 18.000222222222224, 13.529411111111111, 22.793733333333332, 28.694333333333333, 33.49111111111111, 35.71205555555556, 52.65925555555555, 36.85181111111111, 44.53, 47.078966666666666, 47.681288888888886, 21.686944444444446, 55.0909, 66.06732222222222, 75.29276666666667, 91.06737777777778, 167.28017777777777, 108.58404444444444, 38.12694444444445, 48.63955555555555, 67.02586666666667, 49.19906666666667, 115.97714444444445, 141.93658888888888, 267.00123333333335, 345.23141111111113, 631.6173222222222, 688.1977666666667, 408.11844444444444, 153.12645555555557, 114.3484, 89.75968888888889, 206.76664444444444, 135.15828888888888, 1311.2173555555555]

Peak to Signal Noise Ratio: [45.216523059336645, 44.94657582573528, 40.983911667409785, 40.721609031718984, 41.597231063873764, 41.27762676761861, 47.26629567287453, 46.55993133603084, 46.803476320490006, 44.27789944317159, 40.5177493939223, 40.12973005392986, 38.34904410668302, 36.85795184100307, 36.26458299096186, 35.5780249413743, 36.818014672090015, 34.55264897763945, 33.55284221801241, 32.8815080480551, 32.602655123345365, 30.916056456800792, 32.4662152440599, 31.644276657366873, 31.402534388946783, 31.347323744174695, 34.7688199393423, 30.72000493525611, 29.930936561131723, 29.36327105087445, 28.537175293215718, 25.89635879509593, 27.773143470222568, 32.318483592682476, 31.26090762955444, 29.86837922605122, 31.211234968274034, 27.487079493966323, 26.60985997093077, 23.865670934036203, 22.749700574527544, 20.126263287616005, 19.753671019493414, 22.022941382107074, 26.280301309193582, 27.548502686722568, 28.599990222373858, 24.975998810983555, 26.822376759214404, 16.954056718520476]
Longitud: 50



Corresponde a: data/darthvader/darthvader.1.2.out
Error Cuadratico Medio: [1.8307333333333333, 2.2258555555555555, 3.6153666666666666, 7.441488888888889, 4.367066666666667, 5.6063777777777775, 9.266755555555555, 9.924, 1.6208111111111112, 2.3922666666666665, 1.0897555555555556, 1.2696, 4.8918333333333335, 9.853522222222223, 5.155733333333333, 7.996744444444444, 9.607211111111111, 11.876711111111112, 25.991833333333332, 28.30308888888889, 18.927888888888887, 20.618655555555556, 25.667, 26.40101111111111, 55.74631111111111, 62.330933333333334, 36.36374444444444, 37.424644444444446, 92.29674444444444, 44.59751111111111, 80.8454888888889, 88.82332222222222, 49.98, 48.047288888888886, 87.02864444444444, 51.81878888888889, 115.4730888888889, 123.16165555555555, 71.91884444444445, 78.47576666666667, 209.58806666666666, 307.3745, 119.78735555555555, 182.4362, 50.375655555555554, 50.91812222222222, 107.92916666666666, 126.64196666666666, 112.63205555555555, 176.8715777777778, 140.56084444444446, 152.41036666666668, 486.6448111111111, 573.2476222222223, 497.6136333333333, 579.9592888888889, 675.0322555555556, 592.3860555555556, 614.8103888888888, 368.12083333333334, 134.15661111111112, 142.79523333333333, 201.661, 208.41351111111112, 246.8386, 114.92558888888888]

Peak to Signal Noise Ratio: [45.50455271779799, 44.655833830168234, 42.54928011316277, 39.41420523233726, 41.728905390531736, 40.64398002142815, 38.46152653795166, 38.163936052677386, 46.03347955631997, 44.342707719199275, 47.757512691465564, 47.094134471211184, 41.236087088337285, 38.19488860497817, 41.007899143387604, 39.10167143572793, 38.304830267725485, 37.38384168038057, 33.98243447335759, 33.612465255487564, 35.35978182986214, 34.988200172743994, 34.037052502636385, 33.91459800984167, 30.668642266740648, 30.183767308717616, 32.52411763880381, 32.39922677879522, 28.478939783116463, 31.637697384981806, 29.054245692206827, 28.645533479884186, 31.14284109077479, 31.314114736253288, 28.734181418507262, 30.98593102450043, 27.50599577581957, 27.22604842752617, 29.56237660110383, 29.183447936480906, 24.91713809313641, 23.254125255787784, 27.346693834011656, 25.51969343211192, 31.108596500600278, 31.06207981667209, 27.799415370312772, 27.10502714652831, 27.614183507287976, 25.654223109202817, 26.652160032709613, 26.300658529653095, 21.258682638311782, 20.547380988752835, 21.161880904706635, 20.49682852186786, 19.83755835333039, 20.404755339535004, 20.24339163395119, 22.470899643783827, 26.854682817106465, 26.583666504276273, 25.084584444225793, 24.941544907183708, 24.20667286316288, 27.526636230764993]
Longitud: 66



Corresponde a: data/darthvader/darthvader.1.4.out
Error Cuadratico Medio: [2.0357444444444446, 3.1784777777777777, 3.7459666666666664, 3.366077777777778, 13.463222222222223, 19.591044444444446, 21.074366666666666, 13.908333333333333, 4.4768888888888885, 15.159455555555555, 7.652755555555555, 4.146277777777778, 1.9118666666666666, 4.577466666666667, 6.646822222222222, 2.7459444444444445, 15.089755555555556, 15.791533333333334, 16.220466666666667, 8.726677777777779, 27.605544444444444, 41.90773333333333, 44.6482, 36.7785, 22.339088888888888, 53.386855555555556, 56.670988888888886, 47.52845555555555, 39.134655555555554, 87.86765555555556, 94.97927777777778, 39.08733333333333, 90.2289, 120.7173, 103.85501111111111, 45.540622222222225, 100.46241111111111, 144.76534444444445, 153.64066666666668, 119.03712222222222, 59.09706666666667, 160.6528888888889, 165.5148888888889, 136.77491111111112, 73.1519888888889, 202.81445555555555, 207.06992222222223, 90.74874444444444, 232.4514111111111, 344.14514444444444, 323.4929222222222, 158.07835555555556, 250.86473333333333, 272.82756666666666, 213.73004444444445, 136.6814222222222, 71.81881111111112, 207.38383333333334, 255.03097777777776, 238.08912222222222, 165.3319888888889, 400.8230111111111, 510.68935555555555, 304.25494444444445, 796.0225444444444, 1164.2747666666667, 1311.7391777777777, 754.5569222222222, 1304.8012111111111, 1207.0562777777777, 910.7036555555555, 452.74595555555555, 168.01815555555555, 399.79494444444447, 470.5736333333333, 451.24364444444444, 341.9270222222222, 1003.2762222222223, 1509.679488888889, 2186.8289777777777]

Peak to Signal Noise Ratio: [45.04357102592972, 43.10861181446322, 42.39516452363433, 42.85956214151025, 36.83931346607351, 35.21022771000406, 34.893258289260444, 36.69805270236288, 41.621040450284106, 36.32396756766062, 39.29262519558428, 41.95421966796761, 45.31622759512583, 41.524551704360526, 39.904662977008705, 43.743886144621804, 36.343981563297774, 36.14656059493262, 36.03017016057955, 38.72231420413573, 33.720840440272816, 31.90786189116549, 31.632764059484963, 32.474863481737664, 34.64014904648619, 30.85646018865347, 30.597195698738364, 31.36126658809585, 32.20518845146654, 28.6925132195804, 28.354514979836537, 32.210443184255034, 28.577346980457683, 27.3131084755477, 27.966529043357564, 31.5468140077606, 28.110767637944786, 26.524157528597257, 26.26574177910918, 27.37397941810228, 30.415144360288892, 26.07191821349357, 25.942432940465316, 26.770739196627208, 29.488542224540552, 25.059814548600883, 24.96963340494837, 28.552397358057284, 24.467481739284615, 22.763387144105582, 23.03215577790423, 26.1420795144358, 24.13640748557888, 23.77192111282422, 24.832147847998158, 26.773708717182878, 29.568421493309565, 24.963054630472058, 24.064874249012398, 24.3634080698668, 25.947234706730455, 22.101277145962758, 21.04923555042255, 23.29842716192628, 19.12154993143844, 17.47024875772898, 16.952328710360558, 19.35388353238032, 16.975360097251542, 17.313528417576677, 18.53703281034771, 21.572257814792742, 25.877241480017446, 22.112430628661095, 21.404527712591776, 21.58669262745653, 22.791469367654955, 18.11659841335606, 16.34195606277959, 14.732655407528334]
Longitud: 80



Corresponde a: data/darthvader/darthvader.1.8.out
Error Cuadratico Medio: [3.364577777777778, 9.675, 16.6972, 24.46531111111111, 33.19691111111111, 29.835811111111113, 25.079133333333335, 5.6478, 16.327455555555556, 24.9464, 43.43055555555556, 32.17941111111111, 26.07882222222222, 20.499444444444446, 12.111766666666666, 3.141033333333333, 8.872577777777778, 17.917366666666666, 38.57997777777778, 44.47121111111111, 49.521055555555556, 51.871722222222225, 46.382977777777775, 17.255255555555557, 39.7318, 62.5205, 94.28934444444444, 108.7619, 113.0757111111111, 106.33156666666666, 91.56385555555556, 36.10073333333333, 80.46608888888889, 122.25512222222223, 182.97016666666667, 200.76531111111112, 208.5861111111111, 197.79184444444445, 106.14657777777778, 44.936844444444446, 111.1629, 172.81443333333334, 254.6307888888889, 275.2935777777778, 273.37122222222223, 251.1906, 152.74908888888888, 63.096133333333334, 172.48724444444446, 278.6009, 448.8342777777778, 519.1424222222222, 602.9207111111111, 646.6930444444445, 568.5056777777778, 489.0282888888889, 138.84515555555555, 330.8608111111111, 530.8069666666667, 542.9274777777778, 471.1625666666667, 386.53526666666664, 265.09355555555555, 201.6239111111111, 134.84917777777778, 307.59425555555555, 544.9429, 721.1759888888889, 876.2932333333333, 990.9751444444445, 937.0572, 789.5619777777778, 494.8569444444444, 1899.4458222222222, 2197.7605555555556, 2278.9678777777776, 1771.4177, 1327.8983444444445, 741.0317111111111, 408.3000222222222, 159.7209, 463.8279444444444, 613.2506666666667, 727.5738111111111, 745.6057111111111, 622.1118555555555, 314.9713777777778, 114.1241]

Peak to Signal Noise Ratio: [42.86149788678279, 38.274293871769615, 35.90436711666609, 34.24529618066876, 32.919826852906425, 33.38342511873935, 34.137678364865195, 40.61201051796239, 36.00161850612623, 34.160724791626265, 31.752849760562455, 33.0550226869766, 33.967923870725954, 35.01338269469792, 37.2987286531984, 43.16007815616838, 38.650305457689164, 35.598061795469754, 32.26718387715339, 31.650014038563423, 31.182904676452793, 30.981496933796077, 31.46721734053141, 35.761589651600964, 32.139421201931285, 30.170579182902326, 28.386177445934962, 27.766035750426642, 27.597110332480042, 27.864181481412867, 28.513562892807798, 32.55564336818616, 29.07467468218142, 27.258132967021616, 25.5070007719356, 25.103916847378546, 24.937949736931145, 25.168719805116815, 27.87174364025671, 31.604777887456706, 27.67120492809633, 25.755003492571408, 24.071694453047662, 23.732842808520076, 23.763275663928766, 24.130769775723127, 26.29101732406399, 30.130776153076162, 25.763233766598784, 23.680978458208763, 21.609943439895144, 20.977938417477894, 20.328201581656398, 20.02382170982555, 20.58345554438273, 21.237463783230424, 26.70549629480183, 22.934350307769513, 20.881437466660255, 20.783385388377962, 21.399095819239513, 22.258912366885937, 23.896811907382883, 25.085383259127415, 26.8323205811506, 23.25102140284093, 20.767293622868088, 19.550391021445748, 18.70430902749205, 18.170175991838423, 18.413142588956543, 19.156941346294445, 21.186006916670262, 15.344534501556325, 14.710999862770375, 14.5534215705751, 15.647593810353746, 16.89915531420741, 19.432435676444616, 22.021009573079105, 26.097186121634635, 21.46723450648672, 20.25442331866377, 19.512033025471435, 19.405711349466877, 20.192118831174334, 23.14809270690842, 27.557029952243496]
Longitud: 88



