Corresponde a: data/darthvader/darthvader.0.1.out
Error Cuadratico Medio: [6.712611111111111, 5.235277777777778, 20.56597777777778, 29.66118888888889, 22.7459, 23.976411111111112, 3.456722222222222, 1.2134444444444445, 1.2987666666666666, 4.139455555555555, 4.477533333333334, 16.156455555555556, 36.14852222222222, 44.100877777777775, 50.624522222222225, 60.493544444444446, 32.19513333333333, 40.18071111111111, 39.791333333333334, 44.0188, 50.00288888888889, 46.414655555555555, 124.31946666666667, 152.58852222222222, 157.98793333333333, 165.0933777777778, 67.01273333333333, 79.65795555555556, 84.1297111111111, 102.7667, 133.46248888888888, 147.97472222222223, 328.8605777777778, 121.40377777777778, 179.25546666666668, 226.92731111111112, 111.26214444444444, 161.3633888888889, 214.9917888888889, 375.0398666666667, 471.6245, 698.9881333333333, 1837.2910444444444, 1088.0607444444445, 404.9612888888889, 344.6022777777778, 237.33103333333332, 272.5167222222222, 115.68051111111112, 4986.765388888889]

Peak to Signal Noise Ratio: [39.86188873401556, 40.94140631079298, 34.99930998668778, 33.408918063017744, 34.561772353844674, 34.332961842437896, 42.744158792725926, 47.29060463202451, 46.99549227101582, 41.96137136840443, 41.62041533196904, 36.04734270611438, 32.5498981314753, 31.686331271766846, 31.08719423355933, 30.313713293847556, 33.0529013284337, 32.09062742320818, 32.13291869079966, 31.694421618255433, 31.140852646866946, 31.464252289779996, 27.185412225402583, 26.29558493848169, 26.144564428177276, 25.953507076671954, 29.869230284509594, 29.118512049449233, 28.88130963252261, 28.01227949993594, 26.877211412925277, 26.42892827479767, 22.960685453959492, 27.288481597751645, 25.59607951858807, 24.571935937133787, 27.66732934676962, 26.05275354689668, 24.80658487502739, 22.390029252653065, 21.394840030826188, 19.6861055804297, 15.489024027198166, 17.764272189610672, 22.056668508025425, 22.757622171144305, 24.37725830723814, 23.776872041781324, 27.498201620702485, 11.152614243134165]
Longitud: 50



Corresponde a: data/darthvader/darthvader.0.2.out
Error Cuadratico Medio: [1.0670555555555556, 3.8816444444444445, 5.235277777777778, 20.56597777777778, 6.784855555555556, 5.6018, 22.7459, 23.976411111111112, 1.5687333333333333, 4.425655555555555, 1.2134444444444445, 1.2987666666666666, 9.6409, 26.53048888888889, 4.477533333333334, 16.156455555555556, 9.744533333333333, 19.586055555555557, 44.100877777777775, 50.624522222222225, 21.0869, 30.28518888888889, 32.19513333333333, 40.18071111111111, 90.01605555555555, 110.72071111111111, 44.0188, 50.00288888888889, 182.7083888888889, 45.21521111111111, 124.31946666666667, 152.58852222222222, 61.97293333333333, 59.23164444444444, 165.0933777777778, 67.01273333333333, 190.61036666666666, 216.37236666666666, 84.1297111111111, 102.7667, 276.4768, 560.5655777777778, 147.97472222222223, 328.8605777777778, 69.04742222222222, 70.3735, 179.25546666666668, 226.92731111111112, 118.20387777777778, 319.5021111111111, 161.3633888888889, 214.9917888888889, 700.7610111111111, 920.6921222222222, 471.6245, 698.9881333333333, 846.9085777777777, 670.2972333333333, 1088.0607444444445, 404.9612888888889, 154.70314444444443, 206.68937777777776, 237.33103333333332, 272.5167222222222, 495.5184, 102.1514]

Peak to Signal Noise Ratio: [47.848933295942224, 42.24064609024158, 40.94140631079298, 34.99930998668778, 39.81539754574868, 40.64752761636861, 34.561772353844674, 34.332961842437896, 46.17531236085707, 41.67102750676271, 47.29060463202451, 46.99549227101582, 38.28962782692354, 33.89335107878026, 41.62041533196904, 36.04734270611438, 38.24319315322028, 35.21133378826253, 31.686331271766846, 31.08719423355933, 34.89067622373102, 33.318500741630814, 33.0529013284337, 32.09062742320818, 28.58760382347523, 27.68851494461154, 31.694421618255433, 31.140852646866946, 25.513218728229027, 31.577957979526325, 27.185412225402583, 26.29558493848169, 30.208783079919023, 30.40526570769021, 25.953507076671954, 29.869230284509594, 25.329338440845042, 24.778785654799883, 28.88130963252261, 28.01227949993594, 23.71421666654704, 20.644539350143695, 26.42892827479767, 22.960685453959492, 29.73932891357487, 29.656712098279108, 25.59607951858807, 24.571935937133787, 27.404486366926694, 23.086066287619822, 26.05275354689668, 24.80658487502739, 19.675104302797187, 18.48965933682598, 21.394840030826188, 19.6861055804297, 18.852438292970064, 19.86812934030571, 17.764272189610672, 22.056668508025425, 26.235812197542426, 24.97762203016796, 24.37725830723814, 23.776872041781324, 21.180205751644756, 28.038360377887418]
Longitud: 66



Corresponde a: data/darthvader/darthvader.0.4.out
Error Cuadratico Medio: [1.0670555555555556, 7.9116, 11.32391111111111, 4.8641, 20.56597777777778, 37.505433333333336, 38.92018888888889, 22.7459, 8.472188888888889, 46.26575555555556, 8.897311111111112, 4.425655555555555, 1.2134444444444445, 6.2366, 18.026733333333333, 4.139455555555555, 26.53048888888889, 38.71877777777778, 29.21312222222222, 9.744533333333333, 36.14852222222222, 66.89753333333333, 76.81637777777777, 50.624522222222225, 21.0869, 91.5396, 111.81778888888888, 68.0218111111111, 40.18071111111111, 138.63416666666666, 176.30966666666666, 44.0188, 117.17504444444444, 192.40231111111112, 116.25486666666667, 45.21521111111111, 124.31946666666667, 207.37483333333333, 252.52384444444445, 157.98793333333333, 59.23164444444444, 258.9545777777778, 305.6423222222222, 190.61036666666666, 79.65795555555556, 349.11414444444443, 364.7247111111111, 102.7667, 276.4768, 456.4882666666667, 392.73865555555557, 171.38884444444443, 328.8605777777778, 446.12124444444447, 305.79716666666667, 179.25546666666668, 66.90765555555555, 321.3313, 472.79376666666667, 319.5021111111111, 161.3633888888889, 549.3085, 1083.4034555555556, 375.0398666666667, 920.6921222222222, 1404.6369555555555, 1742.2465555555555, 846.9085777777777, 1837.2910444444444, 2508.7389444444443, 699.2028888888889, 404.9612888888889, 154.70314444444443, 541.8977777777778, 950.3839333333333, 640.9520111111111, 272.5167222222222, 858.9436333333333, 3064.2801666666664, 3066.3025666666667]

Peak to Signal Noise Ratio: [47.848933295942224, 39.14816039076583, 37.59083909226899, 41.260778659433306, 34.99930998668778, 32.38986173253344, 32.229054215325654, 34.561772353844674, 38.85084730991374, 31.4782070194188, 38.63821584115928, 41.67102750676271, 47.29060463202451, 40.18132470490589, 35.57163326538317, 41.96137136840443, 33.89335107878026, 32.25158721238386, 33.475023851535575, 38.24319315322028, 32.5498981314753, 29.876702562461514, 29.276265364065246, 31.08719423355933, 34.89067622373102, 28.514713505062815, 27.645694607010128, 29.80432169832654, 32.09062742320818, 26.712100846601444, 25.668042365158303, 31.694421618255433, 27.442452339479196, 25.288700764469144, 27.476692184694556, 31.577957979526325, 27.185412225402583, 24.963243108768083, 24.107779684262056, 26.144564428177276, 30.40526570769021, 23.998567680239205, 23.278668701430675, 25.329338440845042, 29.118512049449233, 22.70112916150751, 22.511151719011785, 28.01227949993594, 23.71421666654704, 21.53650741730143, 22.189767117791423, 25.79097810222906, 22.960685453959492, 21.63627455883839, 23.27646903685437, 25.59607951858807, 29.87604548401776, 23.061273298224197, 21.384086187140767, 23.086066287619822, 26.05275354689668, 20.73264041521529, 17.782901444161393, 22.390029252653065, 18.48965933682598, 16.655162704864026, 15.719707462810513, 18.852438292970064, 15.489024027198166, 14.136248892248254, 19.684771468681205, 22.056668508025425, 26.235812197542426, 20.791629908129426, 18.351812751117432, 20.06254846309819, 23.776872041781324, 18.791156959138494, 13.26751890613995, 13.264653543317957]
Longitud: 80



Corresponde a: data/darthvader/darthvader.0.8.out
Error Cuadratico Medio: [1.0670555555555556, 7.9116, 13.8706, 25.463366666666666, 119.85555555555555, 69.04973333333334, 45.188633333333335, 5.6018, 22.7459, 45.663044444444445, 97.18425555555555, 100.10196666666667, 9.960933333333333, 7.838144444444445, 5.781744444444445, 1.2987666666666666, 9.6409, 18.026733333333333, 63.97371111111111, 79.53391111111111, 110.02396666666667, 87.28562222222222, 66.89753333333333, 19.586055555555557, 44.100877777777775, 70.44911111111111, 130.8961, 162.22415555555557, 214.9214888888889, 170.4111888888889, 125.87352222222222, 40.18071111111111, 90.01605555555555, 145.53921111111111, 270.07385555555555, 328.80696666666665, 375.2177, 308.73212222222224, 116.25486666666667, 45.21521111111111, 124.31946666666667, 207.37483333333333, 371.4071777777778, 450.0428, 454.36425555555553, 371.3135222222222, 178.3900111111111, 67.01273333333333, 190.61036666666666, 320.0385444444444, 575.7977777777778, 682.3097333333334, 1062.3843666666667, 982.4982666666667, 730.6470222222222, 560.5655777777778, 147.97472222222223, 392.73865555555557, 755.7977666666667, 854.8627222222223, 673.8927777777777, 534.2997666666666, 321.3313, 226.92731111111112, 118.20387777777778, 261.8285111111111, 557.4550666666667, 737.8464111111111, 2037.6241222222222, 1810.4578, 1265.1262111111112, 920.6921222222222, 471.6245, 2169.082066666667, 2742.442, 3298.964933333333, 2240.837288888889, 1550.004788888889, 699.2028888888889, 404.9612888888889, 154.70314444444443, 541.8977777777778, 791.2106888888889, 1078.4950333333334, 1159.117188888889, 812.1963555555556, 290.9353777777778, 102.1514]

Peak to Signal Noise Ratio: [47.848933295942224, 39.14816039076583, 36.70985113128931, 34.07164537037576, 27.344221915745592, 29.739183551739043, 31.58051153963953, 40.64752761636861, 34.561772353844674, 31.535154974862436, 28.254844486081957, 28.12637750880192, 38.147803274115084, 39.18867098300573, 40.51021469109263, 46.99549227101582, 38.28962782692354, 35.57163326538317, 30.070788160229654, 29.12528021289429, 27.715930624611214, 28.721376487064113, 29.876702562461514, 35.21133378826253, 31.686331271766846, 29.652048430815114, 26.961536537649124, 26.029648387152942, 24.8080052034484, 25.81582254514846, 27.131459759715923, 32.09062742320818, 28.58760382347523, 26.501003443502242, 23.815978164343154, 22.96139350196863, 22.387970438713882, 23.234985426003014, 27.476692184694556, 31.577957979526325, 27.185412225402583, 24.963243108768083, 22.432300682515503, 21.598265428260596, 21.55676202393776, 22.433395955373605, 25.61709828320958, 29.869230284509594, 25.329338440845042, 23.078780743247084, 20.528103764298955, 19.790987942152846, 17.86798689582254, 18.207485680064675, 19.493727422193718, 20.644539350143695, 26.42892827479767, 22.189767117791423, 19.346747565970176, 18.81183981540984, 19.844895588782613, 20.85295376345123, 23.061273298224197, 24.571935937133787, 27.404486366926694, 23.95063424749278, 20.668704937847853, 19.451143916584424, 15.03956287527393, 15.552919545763707, 17.109465072494242, 18.48965933682598, 21.394840030826188, 14.768043771219341, 13.74942909432943, 12.947026616732098, 14.626700380692059, 16.2274732090097, 19.684771468681205, 22.056668508025425, 26.235812197542426, 20.791629908129426, 19.147882151224355, 17.802622114301748, 17.48953014710238, 19.03419324452704, 23.492838261472237, 28.038360377887418]
Longitud: 88



