Corresponde a: data/darthvader/darthvader.2.1.out
Error Cuadratico Medio: [2.6330222222222224, 2.4145333333333334, 4.664533333333333, 7.113544444444444, 4.796744444444444, 3.9865222222222223, 1.6305666666666667, 1.4624, 2.0292444444444446, 2.9447888888888887, 5.9901333333333335, 6.659533333333333, 13.269755555555555, 13.558033333333332, 13.870711111111111, 22.51528888888889, 14.3623, 26.744366666666668, 26.745033333333332, 33.85558888888889, 45.532466666666664, 42.4725, 37.85616666666667, 37.894977777777775, 61.655633333333334, 46.98308888888889, 24.556177777777776, 48.147711111111114, 66.15811111111111, 95.8231888888889, 86.29452222222223, 166.21987777777778, 102.91837777777778, 44.28436666666666, 51.00725555555555, 57.02191111111111, 54.58634444444444, 122.6575, 173.99051111111112, 264.2179, 361.8022888888889, 792.1023333333334, 858.4963777777778, 425.88928888888887, 165.89017777777778, 141.6447222222222, 92.78142222222222, 257.5279111111111, 131.3277, 883.1392555555556]

Peak to Signal Noise Ratio: [43.92625836380999, 44.3024715552881, 41.4427215992281, 39.6099431160079, 41.321337796386295, 42.12486171527563, 46.00741800980413, 46.48014182478154, 45.057459952150545, 43.440261950816186, 40.35643871485868, 39.896365638085896, 36.90217438142974, 36.80883663551093, 36.709816342059455, 34.60602837192968, 36.55856366830483, 33.85848043042506, 33.858372173591135, 32.834499884892864, 31.547591825407352, 31.849725358496812, 32.34943725878276, 32.3449870414321, 30.23107597635896, 31.411387949290727, 34.22919592014496, 31.305047147955566, 29.92497263745004, 28.31609741269147, 28.770971322925163, 25.923974022321296, 28.005874287212833, 31.668299228767577, 31.054484039146992, 30.570385921052537, 30.75996349558174, 27.243862521980716, 25.72554796978725, 23.91118124395263, 22.546090508353544, 19.1429906825439, 18.79341893769859, 21.8378364315844, 25.932596883046347, 26.61879963814969, 28.456193354473044, 24.022560557056973, 26.947240225288983, 18.670511712756777]
Longitud: 50



Corresponde a: data/darthvader/darthvader.2.2.out
Error Cuadratico Medio: [2.0799222222222222, 3.021588888888889, 3.595677777777778, 7.6559333333333335, 3.6673222222222224, 6.8818, 9.000911111111112, 11.595566666666667, 2.7704333333333335, 3.253711111111111, 1.3069444444444445, 1.8721, 5.5432, 12.024577777777777, 5.473311111111111, 9.050622222222222, 8.0688, 12.933755555555555, 27.480766666666668, 33.1749, 18.860466666666667, 21.0646, 24.86871111111111, 29.088333333333335, 57.756544444444444, 72.63652222222223, 36.2113, 37.41155555555556, 115.90514444444445, 57.1959, 85.65528888888889, 103.54763333333334, 49.764433333333336, 47.49265555555556, 105.26806666666667, 63.47068888888889, 120.72468888888889, 142.81534444444443, 75.0441111111111, 82.24915555555556, 210.4327111111111, 277.5324888888889, 142.5233, 213.56903333333332, 48.6212, 50.9624, 113.26941111111111, 119.72714444444445, 135.19974444444443, 214.97596666666666, 146.03416666666666, 164.0405, 515.8664888888889, 556.3808, 656.3566777777778, 561.9760111111111, 667.7447333333333, 591.5090888888889, 769.0777888888889, 439.4197, 163.9199, 153.42706666666666, 196.26534444444445, 202.62694444444443, 315.3951333333333, 155.972]

Peak to Signal Noise Ratio: [44.95033265852871, 43.32844986051061, 42.57299594826495, 39.29082217850889, 42.48731290780466, 39.75378313937042, 38.58793888039638, 37.48788383728924, 43.705326569454634, 43.00701370478481, 46.96823233871922, 45.40751317593892, 40.69319812542558, 37.33010525052856, 40.74830226082119, 38.56401923277242, 39.062714100528524, 37.013557122262384, 33.74051516233736, 32.922707384350886, 35.37527926536015, 34.895271442335336, 34.174270835126286, 33.49361522565935, 30.514791592288148, 29.51925318524698, 32.5423624442726, 32.40074594526189, 27.4897764833614, 30.557154626901717, 28.803261767030435, 27.97940183684018, 31.161612977374325, 31.364539069969823, 27.907837140296273, 30.105071488463835, 27.312842659838708, 26.583054892153015, 29.377637430666805, 28.979489130841365, 24.89967110410752, 23.69766530456897, 26.59194491370814, 24.835420789318498, 31.26254687583402, 31.05830488592947, 27.58967718253146, 27.34887736393203, 26.821044901681546, 24.80690450382359, 26.48625884132504, 25.981292765088032, 21.00543044204793, 20.67708226244389, 19.959404527509644, 20.633625834917822, 19.88469889548205, 20.411189386597265, 19.271100918381, 21.70200837619994, 25.984486804178015, 26.271783789143246, 25.202367400516895, 25.063831654237227, 23.142253731520874, 26.200337198014484]
Longitud: 66



Corresponde a: data/darthvader/darthvader.2.4.out
Error Cuadratico Medio: [2.9419666666666666, 4.7546888888888885, 6.158844444444444, 5.073211111111111, 12.419877777777778, 17.201, 18.335044444444446, 12.8907, 5.568233333333334, 20.796322222222223, 10.777466666666667, 5.063522222222222, 2.521211111111111, 5.793966666666667, 8.471244444444444, 3.754888888888889, 15.2526, 15.587422222222223, 16.393177777777776, 8.358033333333333, 28.615766666666666, 41.687044444444446, 46.709244444444444, 35.783677777777775, 27.84608888888889, 60.481455555555556, 67.52037777777778, 55.152322222222224, 37.75573333333333, 90.34947777777778, 99.22962222222222, 39.29472222222222, 98.67587777777777, 129.92104444444445, 127.6665888888889, 53.505433333333336, 105.02478888888889, 166.91185555555555, 170.9186, 133.6028777777778, 57.290911111111114, 166.70645555555555, 173.06166666666667, 144.22248888888888, 70.05935555555556, 222.24305555555554, 213.3904, 100.29432222222222, 246.84585555555554, 401.1603, 321.31736666666666, 158.99922222222222, 267.96765555555555, 292.30345555555556, 229.41525555555555, 147.53717777777777, 63.952644444444445, 213.10437777777778, 242.55966666666666, 227.0807888888889, 216.19976666666668, 526.3779333333333, 705.8695111111111, 357.862, 812.5084777777778, 1189.9727666666668, 1311.6044222222222, 748.5278, 1617.4000888888888, 1642.8104, 1304.5658, 571.4774222222222, 214.00022222222222, 491.81244444444445, 605.9150444444444, 550.8504888888889, 278.9909222222222, 853.6408888888889, 1262.7890555555555, 1966.9426333333333]

Peak to Signal Noise Ratio: [43.44442613130628, 41.359582556321506, 40.235811257291985, 41.07797425914399, 37.189630388355496, 35.77526665015155, 35.49798393833161, 37.02803859504965, 40.67362935045598, 34.95093823011882, 37.80563672557491, 41.086276405650686, 44.11471148451295, 40.50104368537339, 38.85133147035872, 42.38483270568039, 36.297364798469324, 36.20306061408992, 35.98417212203984, 38.909762620127005, 33.564749749554096, 31.930792555465963, 31.436775185482805, 32.59395386388619, 33.68316155729952, 30.314581264544685, 29.836454973577567, 30.715165574722228, 32.36097450837378, 28.57154714196581, 28.16439022914802, 32.187461378127985, 28.188693624879715, 26.9940085763279, 27.070031062022657, 30.846824751668308, 27.917885436355792, 25.905931756596246, 25.802910340288875, 26.87264548016193, 30.54994631873987, 25.911279430562754, 25.748794790050695, 26.540473748337995, 29.676142227471182, 24.662521614439772, 24.839054833652483, 28.11804013065376, 24.206545208840136, 22.09762413448836, 23.061461617911018, 26.116853609840827, 23.849979842326483, 23.472464113338095, 24.52458066817462, 26.441788892368105, 30.07221853587483, 24.84487989402403, 24.28261773737054, 24.568999665533227, 24.782251399621536, 20.91782686250692, 19.643559372130042, 22.593647761031832, 19.03252459730353, 17.375433384852343, 16.95277488595292, 19.388724263793616, 16.042628982254058, 15.974929173264737, 16.97614371830888, 20.56081283788394, 24.82666136538183, 21.212808472720933, 20.306686250109397, 20.72046621656053, 23.674902883933644, 18.818051515068927, 17.117495516106914, 15.192886671357059]
Longitud: 80



Corresponde a: data/darthvader/darthvader.2.8.out
Error Cuadratico Medio: [4.793377777777778, 12.954722222222221, 23.38268888888889, 33.32501111111111, 43.9597, 33.98238888888889, 27.4371, 4.816288888888889, 15.7036, 23.162355555555557, 39.50098888888889, 26.437444444444445, 19.424277777777778, 14.605888888888888, 8.448666666666666, 2.117777777777778, 10.400466666666667, 18.50647777777778, 50.79172222222222, 53.9414, 61.9886, 61.20331111111111, 49.92008888888889, 19.008311111111112, 40.402411111111114, 70.61607777777778, 107.4594, 132.39254444444444, 134.20017777777778, 128.8191111111111, 108.81562222222222, 40.45397777777778, 82.228, 124.0407, 188.3847, 207.05205555555557, 216.09837777777778, 206.89345555555556, 105.7581888888889, 44.16956666666667, 116.75451111111111, 182.55034444444445, 283.37024444444444, 298.4816777777778, 303.41692222222224, 266.1753444444444, 167.47464444444444, 67.36697777777778, 179.1677, 310.5932111111111, 508.21104444444444, 622.0107888888889, 724.4971, 778.9676333333333, 662.0487888888889, 539.6147444444445, 142.3575, 347.15718888888887, 557.1588666666667, 569.7686888888888, 491.45076666666665, 406.9589222222222, 272.59152222222224, 210.45056666666667, 119.68058888888889, 257.9573555555556, 478.29993333333334, 606.1849888888889, 766.8147555555555, 865.7119666666666, 894.3276888888889, 764.7077222222222, 538.0560222222222, 1963.1014666666667, 2330.9602444444445, 2460.732122222222, 1823.6284333333333, 1372.8187, 691.7186555555555, 399.5894222222222, 156.20103333333333, 491.9101, 645.1765888888889, 758.2841777777778, 870.8567333333333, 720.8994333333334, 407.227, 141.00746666666666]

Peak to Signal Noise Ratio: [41.32438702721344, 37.00652255676475, 34.44185909539926, 32.9031005798101, 31.70025640919668, 32.818264552932376, 33.747421547280574, 41.30367832143159, 36.17081136426063, 34.48297636867811, 32.16472392744948, 33.908608887727766, 35.247354807801244, 36.48552368350373, 38.862921850542136, 44.871999740049276, 37.96027534433432, 35.45756590804001, 31.072874219332487, 30.81158146886292, 30.207685328586585, 30.263054426702926, 31.148050108778463, 35.3413682936326, 32.06673077415594, 29.6417676894886, 27.81835949513484, 26.91216831941007, 26.853272697155873, 27.03100062794419, 27.763891111136466, 32.06119129307659, 28.980606336578422, 27.19516152437743, 25.380347329810977, 24.970008144525817, 24.784288541642336, 24.97333607568349, 27.887663559643986, 31.679572223113222, 27.4580669122022, 25.51697704134449, 23.607261160575224, 23.38162683641145, 23.310405621931128, 23.879125361290882, 25.89131296428834, 29.846332964286248, 25.598206422389783, 23.208884020999847, 21.070362619615914, 20.192824431959437, 19.530437094410043, 19.215609480692343, 19.92190365439594, 20.809965530345067, 26.59700008297399, 22.72554197864855, 20.671013145644665, 20.57381781560118, 21.21600343961129, 22.035297864155417, 23.77568016006677, 24.899302613855557, 27.35056643394268, 24.01532444740599, 21.333800405290162, 20.3047518324647, 19.283898996004627, 18.757069400915466, 18.615836839057323, 19.29584885035505, 20.822528642437, 15.201376133440212, 14.455454943681996, 14.22016022326754, 15.521440059278618, 16.754671745332256, 19.73150872169743, 22.11466377638597, 26.193964582825814, 21.211946211928318, 20.034017608317612, 19.332483666979, 18.731336467792662, 19.552056767236003, 22.032437959540523, 26.63838250721218]
Longitud: 88



