Corresponde a: data/ff6/ff6.0.1.out
Error Cuadratico Medio: [263.03755555555557, 711.8981888888889, 715.5920444444445, 380.35714444444443, 538.3270444444445, 666.2153888888889, 487.2045444444444, 19333.1657, 4182.338511111111, 3759.677422222222, 782.7725666666666, 724.0119666666667, 1168.4438333333333, 552.9453222222222, 477.5694555555556, 1626.9632, 1283.9307777777778, 1231.0169444444443, 1098.4590555555556, 951.6406333333333, 11223.234122222222, 938.9300777777778, 1090.3819, 820.5104888888889, 261.90656666666666, 682.6079, 161.47421111111112, 178.7318, 14554.118744444444, 480.61974444444445, 1065.0171222222223, 509.1965666666667, 518.6687, 672.5476111111111, 482.9780333333333, 754.7757111111111, 514.0876, 526.454, 978.7856222222222, 836.9941111111111, 1176.426888888889, 648.5335777777777, 2703.222588888889]

Peak to Signal Noise Ratio: [23.930626009479873, 19.6066247280036, 19.584148571909704, 22.328887826229806, 20.820341624418663, 19.89465700641936, 21.253690303031473, 5.267773876736324, 11.916611799333756, 12.379297765143653, 19.194447640583114, 19.533346164741467, 17.45472520014435, 20.70398172476779, 21.340438185168598, 16.017026310519366, 17.045387511845536, 17.228163300096444, 17.72296487392618, 18.346073835181308, 7.62962338257566, 18.404471093536166, 17.75501727134621, 18.989962236964097, 23.949339734341034, 19.789090506924257, 26.049771894110645, 25.608785317206188, 6.500944469372389, 21.312787526873066, 17.857237709083144, 21.06194894171344, 20.981903203688983, 19.853573264523167, 21.291529821227414, 19.352624448654, 21.020432322323927, 20.91719931061375, 18.223927796685555, 18.90357958455231, 17.425154185090662, 20.01147894301182, 13.811985529989663]
Longitud: 43



Corresponde a: data/ff6/ff6.0.2.out
Error Cuadratico Medio: [9106.221333333333, 869.8918333333334, 711.8981888888889, 715.5920444444445, 370.86584444444446, 413.25466666666665, 538.3270444444445, 666.2153888888889, 508.9995333333333, 545.8320444444445, 19333.1657, 4182.338511111111, 3051.0791555555556, 4362.449066666667, 782.7725666666666, 724.0119666666667, 647.2799777777777, 629.9010888888889, 552.9453222222222, 477.5694555555556, 7073.654922222222, 818.9389222222222, 1283.9307777777778, 1231.0169444444443, 2212.5017444444443, 1813.3621555555555, 951.6406333333333, 11223.234122222222, 459.00924444444445, 566.9645777777778, 1090.3819, 820.5104888888889, 667.9417555555556, 549.1614777777778, 682.6079, 161.47421111111112, 347.7702111111111, 53.23892222222222, 14554.118744444444, 480.61974444444445, 587.8701333333333, 625.3809333333334, 509.1965666666667, 518.6687, 834.6490444444445, 570.9557666666667, 482.9780333333333, 754.7757111111111, 523.1881555555556, 498.09383333333335, 526.454, 978.7856222222222, 936.2142555555556, 795.6454, 1176.426888888889, 648.5335777777777]

Peak to Signal Noise Ratio: [8.537421589241669, 18.73615107222814, 19.6066247280036, 19.584148571909704, 22.438635228273704, 21.968625943385476, 20.820341624418663, 19.89465700641936, 21.063629767057115, 20.76021332434579, 5.267773876736324, 11.916611799333756, 13.28626885977041, 11.733499914324199, 19.194447640583114, 19.533346164741467, 20.01988187613481, 20.138080017670816, 20.70398172476779, 21.340438185168598, 9.634364912854368, 18.99828848278429, 17.045387511845536, 17.228163300096444, 14.6819673907893, 15.545958130037738, 18.346073835181308, 7.62962338257566, 21.512589285533483, 20.59524434525622, 17.75501727134621, 18.989962236964097, 19.88341767170303, 20.73380295841631, 19.789090506924257, 26.049771894110645, 22.71787981890487, 30.868511059074866, 6.500944469372389, 21.312787526873066, 20.437989643937694, 20.16935724565968, 21.06194894171344, 20.981903203688983, 18.915764603558845, 20.56477897169694, 21.291529821227414, 19.352624448654, 20.944224574230496, 21.15769195898995, 20.91719931061375, 18.223927796685555, 18.417051111070588, 19.12360804606894, 17.425154185090662, 20.01147894301182]
Longitud: 56



Corresponde a: data/ff6/ff6.0.4.out
Error Cuadratico Medio: [9106.221333333333, 9060.141133333333, 1285.603, 812.9897222222222, 715.5920444444445, 954.0045111111111, 1004.5175111111112, 538.3270444444445, 1327.5425666666667, 1978.9472888888888, 1213.9820555555555, 545.8320444444445, 19333.1657, 18099.765566666665, 6134.973488888889, 3759.677422222222, 4362.449066666667, 4455.203388888889, 1327.589411111111, 647.2799777777777, 1168.4438333333333, 1577.3264555555556, 477.5694555555556, 477.5694555555556, 7073.654922222222, 7326.601677777778, 1458.1204555555555, 771.1507888888889, 1231.0169444444443, 2508.1088444444445, 2158.6563, 951.6406333333333, 1965.5162444444445, 10934.983122222222, 1284.569988888889, 566.9645777777778, 1090.3819, 1846.5532666666666, 921.9444111111111, 261.90656666666666, 549.1614777777778, 1089.259088888889, 523.6344444444444, 347.7702111111111, 178.7318, 279.6489888888889, 917.6257666666667, 480.61974444444445, 587.8701333333333, 1787.197588888889, 811.0477777777778, 497.42912222222225, 518.6687, 1187.9552555555556, 740.7880444444445, 482.9780333333333, 482.61083333333335, 924.9632333333333, 729.2014111111112, 498.09383333333335, 526.454, 15032.903844444445, 1352.4743444444443, 836.9941111111111, 795.6454, 1443.9807777777778, 1021.6179777777778, 607.2098]

Peak to Signal Noise Ratio: [8.537421589241669, 8.55945397964775, 17.039734836699296, 19.029953055695238, 19.584148571909704, 18.335299325516235, 18.111228489397988, 20.820341624418663, 16.900319055610584, 15.166461343469939, 17.288680935939105, 20.76021332434579, 5.267773876736324, 5.554074110684715, 10.252676705211288, 12.379297765143653, 11.733499914324199, 11.64212825636238, 16.900165810620113, 20.01988187613481, 17.45472520014435, 16.151587733261742, 21.340438185168598, 21.340438185168598, 9.634364912854368, 9.481777797895925, 16.492869582698827, 19.259410536607938, 17.228163300096444, 14.137339812148564, 14.788968611441025, 18.346073835181308, 15.196037233740103, 7.742622438126279, 17.04322589392694, 20.59524434525622, 17.75501727134621, 15.467185208084839, 18.483756249287143, 23.949339734341034, 20.73380295841631, 17.759491684475663, 20.94052154348733, 22.71787981890487, 25.608785317206188, 23.664671074549215, 18.504147609397837, 21.312787526873066, 20.437989643937694, 15.609077910033577, 19.04033922175783, 21.163491532147045, 20.981903203688983, 17.382802776564667, 19.433863962028123, 21.291529821227414, 21.29483294426347, 18.469558906994692, 19.502328604609783, 21.15769195898995, 20.91719931061375, 6.360374812918044, 16.81951325294025, 18.90357958455231, 19.12360804606894, 16.535189489089476, 18.037918341096262, 20.297415886728825]
Longitud: 68



Corresponde a: data/ff6/ff6.0.8.out
Error Cuadratico Medio: [9106.221333333333, 9060.141133333333, 9035.291366666666, 8975.858933333333, 1319.9392555555555, 1287.1255, 835.5795888888889, 413.25466666666665, 538.3270444444445, 1763.8819, 2293.8851555555557, 2551.932911111111, 17652.121144444445, 17670.544677777776, 7308.996355555556, 4182.338511111111, 3051.0791555555556, 6134.973488888889, 9372.17428888889, 9439.578211111111, 2228.9679555555554, 1944.6816555555556, 1577.3264555555556, 629.9010888888889, 552.9453222222222, 552.9453222222222, 1027.9916666666666, 7116.033988888889, 1910.0508111111112, 1747.6270444444444, 1502.8742444444445, 1231.0169444444443, 2212.5017444444443, 2586.0458222222223, 3091.1040444444443, 3371.7962555555555, 10797.565577777777, 1504.1190777777779, 1284.569988888889, 566.9645777777778, 1090.3819, 1846.5532666666666, 1964.2149777777777, 1988.381311111111, 1441.711611111111, 1127.5092, 606.2704111111111, 161.47421111111112, 347.7702111111111, 550.7289444444444, 613.4860444444445, 14827.2643, 2798.896288888889, 2346.558388888889, 1694.7088555555556, 625.3809333333334, 509.1965666666667, 811.0477777777778, 1224.9617666666666, 1906.5861, 1301.8167666666666, 1045.2924666666668, 924.9632333333333, 754.7757111111111, 523.1881555555556, 746.5966222222222, 919.6060777777777, 1075.8157, 2009.3564111111111, 1591.4759222222222, 1262.1632666666667, 795.6454]

Peak to Signal Noise Ratio: [8.537421589241669, 8.55945397964775, 8.571381987805632, 8.600043423743106, 16.92526415710586, 17.034594664109104, 18.91092538153694, 21.968625943385476, 20.820341624418663, 15.666108571102788, 14.525086899168809, 14.062111080277305, 5.662834615702538, 5.658304244393838, 9.492226155337399, 11.916611799333756, 13.28626885977041, 10.252676705211288, 8.412400045453229, 8.38127771726562, 14.64976535916355, 15.242318434072853, 16.151587733261742, 20.138080017670816, 20.70398172476779, 20.70398172476779, 18.01090766768334, 9.608423470951967, 15.320354403784762, 15.706316040921617, 16.3615771908924, 17.228163300096444, 14.6819673907893, 14.004441449786196, 13.229667375038542, 12.852190368372964, 7.797545105025731, 16.35798141118485, 17.04322589392694, 20.59524434525622, 17.75501727134621, 15.467185208084839, 15.198913425120713, 15.145806883359018, 16.542019647208694, 17.60960266643471, 20.304139877586948, 26.049771894110645, 22.71787981890487, 20.721424587425943, 20.2527567300571, 6.420193318228302, 13.660935545767181, 14.426489957322424, 15.839852620374806, 20.16935724565968, 21.06194894171344, 19.04033922175783, 17.24957827093741, 15.328239384019058, 16.98530500157728, 17.938425403839375, 18.469558906994692, 19.352624448654, 20.944224574230496, 19.39994340123015, 18.494785279611555, 17.81342482965574, 15.10023383975177, 16.112802883947886, 17.11964824322539, 19.12360804606894]
Longitud: 72



