Corresponde a: data/ff6/ff6.2.1.out
Error Cuadratico Medio: [1558.8371444444444, 444.32014444444445, 531.4282888888889, 164.7921, 220.44047777777777, 611.1715555555555, 579.3287555555555, 5419.716444444444, 2717.051111111111, 2101.9218, 1521.241, 483.0836777777778, 608.0588555555555, 305.02781111111113, 87.1686111111111, 2119.8913222222222, 768.8094111111111, 650.4405222222222, 993.6354222222222, 943.6513333333334, 3081.9422444444444, 508.15436666666665, 504.58448888888887, 809.2783666666667, 213.85684444444445, 357.0914222222222, 185.78116666666668, 331.43714444444447, 3639.2826555555557, 451.45564444444443, 456.0469888888889, 345.8154777777778, 327.4316, 456.35114444444446, 380.3675666666667, 397.53211111111113, 381.9618111111111, 430.8859888888889, 5603.363855555555, 613.8765333333333, 678.7111555555556, 488.1444666666667, 985.2856555555555]

Peak to Signal Noise Ratio: [16.20279615123278, 21.653843572765123, 20.876356918976363, 25.9614397273402, 24.69789017233278, 20.269172272648127, 20.501552751978537, 10.791037957012033, 13.789825527537594, 14.904638063879778, 16.308823390049078, 21.290579968874894, 20.29134743098584, 23.287409226311084, 28.727202345975805, 14.867667637924598, 19.272616699111047, 19.99872771041275, 18.15853295546036, 18.38268802989857, 13.24255865081909, 21.07084698962481, 21.101464648518366, 19.049824297214546, 24.829572065468305, 22.60300942840624, 25.440786750386366, 22.9267918230276, 12.5206457321769, 21.584652735922564, 21.54070768282864, 22.742359336331546, 22.97959770570918, 21.53781216869977, 22.328768826188544, 22.13708145824832, 22.31060416942562, 21.787179884949566, 10.646315364854157, 20.24999328951424, 19.81395373387944, 21.245319901129346, 18.195182007803204]
Longitud: 43



Corresponde a: data/ff6/ff6.2.2.out
Error Cuadratico Medio: [3585.1739222222222, 1176.0714888888888, 632.3833222222222, 625.0806555555556, 271.5371777777778, 340.7730222222222, 614.6020111111111, 542.2312555555555, 467.5364777777778, 486.32722222222225, 13598.659944444444, 5763.252333333333, 2564.7424333333333, 3255.047666666667, 653.8132777777778, 605.191, 560.1653333333334, 624.3522333333333, 320.4337111111111, 429.51537777777776, 3926.249077777778, 1327.2694222222221, 1262.0486555555556, 1041.0990111111112, 1703.7252444444443, 1814.3385777777778, 1860.0421777777779, 6424.567044444444, 574.9326333333333, 622.2660222222222, 934.5013111111111, 743.7042222222223, 485.9157777777778, 421.61033333333336, 505.4558222222222, 258.87713333333335, 317.43072222222224, 284.0575888888889, 7144.849966666667, 1676.4892333333332, 682.5569111111112, 724.6930666666667, 371.0328777777778, 411.01214444444446, 597.5348, 489.48251111111114, 449.03544444444447, 470.1264888888889, 540.4747444444445, 638.8616222222222, 1784.454311111111, 2059.166711111111, 885.4883666666667, 756.2621, 807.7123888888889, 554.3963444444445]

Peak to Signal Noise Ratio: [12.585701320693241, 17.42646639224456, 20.120999530586698, 20.171443019194705, 23.79251061019074, 22.80615154948657, 20.24486383839466, 20.788958130899204, 21.432648601415668, 21.26151780935743, 6.795842471599947, 10.524127260904411, 14.04036603661276, 13.005230081422777, 19.97626624790175, 20.311879000088307, 20.647641325101308, 20.176506913226333, 23.0734216126039, 21.80101643540049, 12.191025134711726, 16.901212716825768, 17.120042623528537, 17.95588326905467, 15.816808023871952, 15.543620259168387, 15.435575686024325, 10.052364952527933, 20.534634008488823, 20.191042731475598, 18.425004458347917, 19.41680113759064, 21.26519359951481, 21.88169114321269, 21.09397157426628, 23.999866700535005, 23.114314036479087, 23.59673964478564, 9.590872473116548, 15.886795921987689, 19.78941492479546, 19.529262545417833, 22.436679660646654, 21.992257064193687, 20.36717157510725, 21.233431815083765, 21.607997376394486, 21.408656390262244, 20.80304956019244, 20.07673560946328, 15.615749280418225, 14.993888521397722, 18.658975009608575, 19.344080245512636, 19.058236166212012, 20.692600028876093]
Longitud: 56



Corresponde a: data/ff6/ff6.2.4.out
Error Cuadratico Medio: [5648.212366666667, 3310.794088888889, 1732.5799222222222, 892.9933111111111, 756.0223333333333, 925.5147666666667, 1036.7403, 594.0180777777778, 1162.1815555555556, 1332.5272777777777, 1109.7929888888889, 538.5185666666666, 14442.046966666667, 9740.144955555555, 6278.2064, 3753.092, 3630.2813666666666, 2613.0402444444444, 1631.0306444444445, 694.5633333333334, 1099.8311888888888, 1176.1312, 782.1143888888889, 485.8148888888889, 4585.046166666667, 2985.626922222222, 1954.8147, 900.5636222222222, 1237.5312888888889, 2010.2508333333333, 1914.5990444444444, 976.8775111111111, 2152.3361777777777, 6363.427044444445, 3612.257977777778, 1189.4622333333334, 983.6575888888889, 1202.711988888889, 869.9294111111111, 275.5341222222222, 496.32234444444447, 740.946, 585.2860111111111, 388.82595555555554, 381.51475555555555, 1494.3111, 3975.854122222222, 1282.6662444444444, 481.7465666666667, 880.0433555555555, 673.3142555555555, 474.0778888888889, 465.7620111111111, 790.5722888888889, 642.2706222222222, 468.23774444444444, 478.49463333333335, 719.2901, 647.1042, 452.95535555555557, 1310.7369888888888, 4718.008688888889, 2318.5378, 1009.6109888888889, 788.275088888889, 1168.0513777777778, 957.3722111111111, 592.5036555555556]

Peak to Signal Noise Ratio: [10.611693435151007, 12.931481897323135, 15.74387083541055, 18.622321550123026, 19.345457358691284, 18.46697008518384, 17.974103801799927, 20.392806987829005, 17.478063821967577, 16.88404252762462, 17.678383840341006, 20.8187967967425, 6.534516078473062, 8.245149406495154, 10.152447715638438, 12.386911504109646, 12.53140074328995, 13.959342623516232, 16.006182400556554, 19.71368508111596, 17.717543296734565, 17.42624589928966, 19.1981008500733, 21.266095402645867, 11.517366479441735, 13.380448226306056, 15.219747646508798, 18.585659609761038, 17.205241727208854, 15.098301100464615, 15.310025230423538, 18.232402491281444, 14.80170255234524, 10.09389291502113, 12.553016019715947, 17.377297035785414, 18.202364139971237, 17.329187207363912, 18.735963468799504, 23.72904971200313, 21.17316533281948, 19.432938030324244, 20.45712216678306, 22.233251128999164, 22.315690213753598, 16.386393383897353, 12.136499195179272, 17.0496669518085, 21.30261732679049, 18.685762925646504, 19.84862551325594, 21.37230660679681, 21.44916297531479, 19.1513877346855, 20.053623032451647, 21.426139418036684, 21.3320328965743, 19.561762779687076, 20.02106142268227, 21.570249619264807, 16.955648055115635, 11.39321624502093, 14.478661801109226, 18.08926291959299, 19.16402558685388, 17.456184148426907, 18.319995434627923, 20.40389326721282]
Longitud: 68



Corresponde a: data/ff6/ff6.2.8.out
Error Cuadratico Medio: [6797.1169, 5039.0774, 3673.335588888889, 2582.203122222222, 1811.2282777777777, 1538.6702777777778, 993.7348555555556, 476.19127777777777, 623.8497333333333, 2101.0261444444445, 3320.9462555555556, 4862.823155555556, 6987.070477777777, 9638.270377777777, 7314.562244444444, 4133.238611111111, 3039.9726, 5705.248322222223, 7449.774888888889, 6152.1067555555555, 4768.400522222222, 3380.3988222222224, 2196.650722222222, 824.1151333333333, 599.8149333333333, 898.3947444444444, 1694.4616444444443, 3251.8076666666666, 2596.5761555555555, 2095.2860333333333, 1637.0982444444444, 1252.6550666666667, 2181.7325, 2640.9764111111112, 3673.7197111111113, 4652.258955555556, 5754.994644444444, 2030.6769777777777, 1449.3707444444444, 603.2120888888888, 1130.4199555555556, 1867.2499, 1848.2040444444444, 1649.4135666666666, 1440.67, 1159.4980888888888, 684.0814333333333, 204.1897111111111, 583.3579777777778, 1524.9123555555555, 2857.0266333333334, 4900.5871, 3697.3374444444444, 2756.9421888888887, 1799.3049555555556, 669.6925444444445, 498.2269333333333, 752.8396555555555, 997.8937555555556, 1244.2456111111112, 1199.4146333333333, 1039.4470444444444, 907.0788111111111, 733.0756666666666, 595.7931777777778, 1042.206788888889, 1634.6519888888888, 2503.110222222222, 5202.735544444445, 3449.453111111111, 2104.0862, 982.8128777777778]

Peak to Signal Noise Ratio: [9.80755621681509, 11.107293317173925, 12.480197543998381, 14.010899589597486, 15.551071708898888, 16.25934796191335, 18.15809837768185, 21.352989245400668, 20.18000367087893, 14.90648904217641, 12.918185136057259, 11.261918848351813, 9.687852369128924, 8.290812556769593, 9.488920209070592, 11.967898831212565, 13.302106916415353, 10.568058089368455, 9.409372110713543, 10.2405649783487, 11.347076340003401, 12.841124191486994, 14.71319353319528, 18.970924716484298, 20.350630868676607, 18.59613158203838, 15.840486182018347, 13.009555102237213, 13.986792962312613, 14.918370427689718, 15.990056180840558, 17.152488615149093, 14.742788597556387, 13.913158387106, 12.479743424205271, 11.454164802975695, 10.530354370531523, 15.054395157131498, 16.519008700334172, 20.32610324284164, 17.59840545262401, 15.418779160156541, 15.463304445874634, 15.9575079849078, 16.545158481954186, 17.488103237073528, 19.779725574778645, 25.030465061740536, 20.47145219381019, 16.298354775735792, 13.571660719532147, 11.228322483870489, 12.451912717845588, 13.726527015121492, 15.579755847980588, 19.872048968199802, 21.1565315978328, 19.363778735420144, 18.13996055885323, 17.181742433574858, 17.341110177692258, 17.96277992156063, 18.55435338698976, 19.479315568682797, 20.379848349167617, 17.951264630529234, 15.996550536529773, 14.14600387069137, 10.968486096417557, 12.75330114969587, 14.900168328874024, 18.206095224705436]
Longitud: 72



