Corresponde a: data/ff6/ff6.4.1.out
Error Cuadratico Medio: [1557.2151111111111, 450.08526666666666, 492.28074444444445, 164.2103, 231.0140111111111, 533.3298555555556, 479.2317888888889, 5505.772255555556, 2494.9906555555553, 2033.1195333333333, 2015.7766666666666, 425.95897777777776, 527.9646333333334, 315.4644222222222, 219.3893111111111, 2573.3143, 830.0280111111111, 722.2036222222222, 1139.5486, 1026.3942777777777, 3868.7826666666665, 552.2894222222222, 616.7216444444445, 701.4068, 272.73353333333336, 369.75435555555555, 157.7245111111111, 274.78034444444444, 3626.7005, 392.9361777777778, 395.55528888888887, 355.8341111111111, 329.1754, 457.30188888888887, 391.8859888888889, 430.99164444444443, 388.6504444444444, 509.6449666666667, 4109.750588888889, 687.0029666666667, 715.9095666666667, 475.5805, 827.3960111111111]

Peak to Signal Noise Ratio: [16.207317514367816, 21.597855641260395, 21.20867512186507, 25.976799663495914, 24.494420400073263, 20.860844649028152, 21.32534742469268, 10.72262117886358, 14.160114374609098, 15.0491744797459, 15.086379470860496, 21.837125847290313, 20.90475529361766, 23.141299738450382, 24.718648964193047, 14.025875274677208, 18.939876120271176, 19.544206985616796, 17.56347508962986, 18.017661387173895, 12.25506027455399, 20.709136354325942, 20.22991170187946, 19.671103889030345, 23.773418219497916, 22.451670623569186, 26.15181170943484, 23.74094697271584, 12.535686686919282, 22.187583445632608, 22.158731651172555, 22.61832782613993, 22.95652988894662, 21.528773656269024, 22.199206244554297, 21.786115102126217, 22.235211921850574, 21.05812621458881, 11.99264894504248, 19.761217484019827, 19.582221949540802, 21.35856321725324, 18.953669380437436]
Longitud: 43



Corresponde a: data/ff6/ff6.4.2.out
Error Cuadratico Medio: [3579.798, 1173.3209666666667, 639.2521666666667, 654.3116222222222, 265.9074, 333.47856666666667, 559.1868333333333, 551.9034888888889, 541.2643777777778, 618.1672222222222, 11890.722877777778, 4747.808622222222, 2532.3728444444446, 3072.1998, 749.7080333333333, 660.3000888888889, 566.5181444444445, 567.3918888888888, 361.19135555555556, 336.1199888888889, 4606.898733333333, 1815.190011111111, 1040.1570555555556, 1139.3719888888888, 1735.7396555555556, 1680.1435, 1851.9169111111112, 6465.5080777777775, 563.6671777777777, 576.9636444444444, 951.9152111111111, 772.6391888888888, 518.3126222222222, 443.72276666666664, 459.0454555555556, 204.5992222222222, 297.269, 256.5840888888889, 7195.783111111111, 1660.7998333333333, 620.0744777777778, 593.9615666666666, 443.2104, 386.28383333333335, 579.7853444444445, 503.65906666666666, 441.82265555555557, 557.0520666666666, 501.22434444444445, 572.4776, 1777.239088888889, 2064.255422222222, 835.6436222222222, 722.7317777777778, 977.3128222222222, 629.9720777777778]

Peak to Signal Noise Ratio: [12.592218397995754, 17.436635294987003, 20.07408152179263, 19.97295726337314, 23.883499372841914, 22.900124346918737, 20.6552342394931, 20.712172213770206, 20.79670915050845, 20.21974387616224, 7.378721031973275, 11.365871560588063, 14.095527130912789, 13.256309043209944, 19.381881964088244, 19.933390051306393, 20.598665368610675, 20.591972377901286, 22.55343013134101, 22.865860203531803, 11.496716949659794, 15.541582678826465, 17.959814415581615, 17.564148226127255, 15.735957751856265, 15.87733984739269, 15.4545886332515, 10.024777022307427, 20.62057614188587, 20.519319125555093, 18.344820941919288, 19.2510362873065, 20.984885757314228, 21.659686486624068, 21.512246685343158, 25.021763824460166, 23.399307386824812, 24.038506391563757, 9.560022961147922, 15.927630682824086, 20.206365046836517, 20.3932201676988, 21.664704182413562, 22.261738283406018, 20.49813127612557, 21.10943704517174, 21.678323792317844, 20.671845710636116, 21.130482043695686, 20.55321862671208, 15.633345042497526, 14.983169268282044, 18.91059257951321, 19.541032102454828, 18.23046764170851, 20.13759060201265]
Longitud: 56



Corresponde a: data/ff6/ff6.4.4.out
Error Cuadratico Medio: [5605.8957222222225, 3258.9103555555557, 1697.086088888889, 884.1984444444445, 758.5791444444444, 936.8496, 1062.0805666666668, 612.2525333333333, 1120.354288888889, 1319.6840666666667, 1224.9643777777778, 641.6709888888889, 16172.768477777778, 11095.026077777778, 6865.1655, 3840.1947, 3802.3474, 2797.1479222222224, 1737.1767444444445, 723.0809, 1041.0547333333334, 1059.8581333333334, 657.1330111111112, 505.3863333333333, 5457.951688888889, 3752.111511111111, 2266.469633333333, 951.0824333333334, 1293.9089444444444, 2154.7788111111113, 2065.8675444444443, 1035.6761333333334, 2199.617911111111, 5202.716355555555, 2691.0571555555557, 836.7817888888889, 1157.3450777777778, 1538.7724, 1044.9447444444445, 318.2184, 527.5768555555555, 810.3942, 607.2731555555556, 351.3102333333333, 1084.220911111111, 3787.8853777777776, 1878.3973222222223, 638.2397555555556, 559.0265666666667, 1106.2378, 816.4237, 496.8908777777778, 496.4829555555556, 858.7686666666667, 705.6956444444445, 499.9734111111111, 494.69346666666667, 799.2701222222222, 805.8561222222222, 575.5418777777778, 875.5441222222222, 6325.050444444444, 3063.471811111111, 1156.743311111111, 831.2346555555556, 1251.0540888888888, 1027.891588888889, 620.6474444444444]

Peak to Signal Noise Ratio: [10.644353458747304, 13.00007946589637, 15.833764873297962, 18.665306143444116, 19.330794623603552, 18.414104851698873, 17.869228984241428, 20.261497700757953, 17.637249798241093, 16.92610387636201, 17.249569013587756, 20.057679563753567, 6.042959914434137, 7.679520335318183, 9.764293495397997, 12.287271169712016, 12.33028567378324, 13.663649269932815, 15.732363540316525, 19.538934709619667, 17.95606797774503, 17.8783262393694, 19.954270763234266, 21.094568673247164, 10.760506736787427, 12.388046239272533, 14.577304562087498, 18.34862200617897, 17.011766458310007, 14.796776645818744, 14.979778880991045, 17.978563926168224, 14.707331134582462, 10.968502114229448, 13.831574389946113, 18.904681409115454, 17.496174919504554, 16.25905972832299, 17.939870348393388, 23.1035507308898, 20.907946257846785, 19.043840367548384, 20.296962772618414, 22.67389560305977, 17.779625817080717, 12.34683532181812, 15.392929004150309, 20.080965082359604, 20.65647913477772, 17.69231866695945, 19.01164757487002, 21.1681933708905, 21.17176017271616, 18.792041706346897, 19.64462923892301, 21.141334519614276, 21.187441861199645, 19.103867820986373, 19.06822851200164, 20.53003431466631, 18.708023240351892, 10.120163673589476, 13.268664723922729, 17.498433640043253, 18.933567194819318, 17.15804274197538, 18.01133048572582, 20.202353893734767]
Longitud: 68



Corresponde a: data/ff6/ff6.4.8.out
Error Cuadratico Medio: [6794.624055555556, 5042.197066666667, 3686.1160444444445, 2604.839188888889, 1842.8892444444446, 1571.3706111111112, 1016.7511222222222, 484.9414, 636.6696444444444, 2158.0979666666667, 3464.5097, 5124.022088888889, 7364.509122222222, 10088.8443, 7459.0384, 4178.321333333333, 2922.621488888889, 5088.643988888889, 6054.830022222222, 4669.030788888889, 3474.908377777778, 2494.6126222222224, 1773.7398444444445, 690.6290333333334, 594.5872222222222, 724.1373888888888, 1354.3883444444446, 4116.250566666667, 3291.0636777777777, 2467.6721666666667, 1755.3769666666667, 1265.6079555555555, 2226.724333333333, 2690.8386333333333, 3681.5498444444443, 4556.417444444444, 5536.105644444445, 2238.448033333333, 1563.438588888889, 638.0530333333334, 1138.9941444444444, 1895.6203777777778, 1920.3189111111112, 1775.2045666666668, 1634.7898, 1364.9367555555555, 815.3639, 243.3676, 454.78442222222225, 1065.0429111111112, 1973.4093444444445, 6105.271766666667, 4463.112177777778, 3153.814411111111, 1926.6163, 695.7294555555555, 525.0721, 822.2374111111111, 1098.569988888889, 1357.054111111111, 1293.6792444444445, 1100.5994, 932.9433222222223, 737.8186333333333, 603.7712222222223, 1069.893388888889, 1682.4238666666668, 2571.4446222222223, 5132.184033333333, 3403.3151888888888, 2081.4964777777777, 978.0429]

Peak to Signal Noise Ratio: [9.809149285138192, 11.104605454510455, 12.465113575300057, 13.972994438020121, 15.475811254708564, 16.168017344668417, 18.058657004456748, 21.27391098954796, 20.091662170894267, 14.790092053138665, 12.734385792508487, 11.034693676130058, 9.459365564122624, 8.092389411998145, 9.403975179115594, 11.920785245708643, 13.473077877038616, 11.064782929911685, 10.309784052050421, 11.438536230689397, 12.721370027475638, 14.160772454146953, 15.64190438950295, 19.73835529177934, 20.388647889589766, 19.53259389179467, 16.813371531896852, 11.985785573604723, 12.957440754620315, 14.207928982395508, 15.687099654432116, 17.107811647498504, 14.654139058107575, 13.831927064910694, 12.470496761093433, 11.544568549617939, 10.698759917816556, 14.63133344390371, 16.189995338309977, 20.082235832019, 17.565588694859155, 15.353289921821409, 15.29707002042203, 15.63831954431485, 15.996184415283391, 16.779678320915455, 19.017288815882473, 24.26817601591084, 21.552747805311817, 17.857132547989426, 15.17863180535082, 10.273753602140737, 11.634425581462192, 13.142442275509282, 15.282851305846856, 19.70639970109893, 20.928614184482242, 18.980831279401333, 17.72252630225879, 16.8048319582539, 17.01253750405201, 17.714510891515953, 18.432251003945247, 19.451307418940942, 20.322079516308726, 17.83739856943481, 15.871449402956163, 14.029031849318889, 11.027781396599261, 12.811781888933478, 14.947046805396466, 18.22722456157348]
Longitud: 72



