Corresponde a: data/ff6/ff6.1.1.out
Error Cuadratico Medio: [2406.3603444444443, 380.49563333333333, 444.5307222222222, 136.19142222222223, 224.76683333333332, 502.3365777777778, 239.47215555555556, 5102.947644444444, 2217.512011111111, 1872.2555666666667, 1458.112288888889, 378.82003333333336, 496.9118222222222, 300.35435555555557, 119.4532, 2515.434133333333, 677.4829777777778, 626.3162333333333, 1008.6232111111111, 843.1695666666667, 3880.4962, 395.8048111111111, 473.4134666666667, 666.7175333333333, 234.69782222222221, 343.6603666666667, 129.87163333333334, 125.69888888888889, 3637.7151555555556, 220.96677777777776, 379.6745222222222, 320.5252, 298.6961111111111, 438.57466666666664, 341.72066666666666, 388.0422888888889, 331.9546888888889, 330.45033333333333, 4089.4696444444444, 548.3653555555555, 625.0233333333333, 412.0957333333333, 985.2856555555555]

Peak to Signal Noise Ratio: [14.317196988425241, 22.327306838089388, 21.65178579745003, 26.789306057057445, 24.61348133877475, 21.120855582833546, 24.338253374454318, 11.052592483157134, 14.672143800100766, 15.407152303453719, 16.492893906808593, 22.346474229124304, 21.168010315307132, 23.35446426665349, 27.358825724268257, 14.124674110623905, 19.82181973129663, 20.162866926509956, 18.09351402655063, 18.871654381266417, 12.241930983810455, 22.155992920023117, 21.378397532067446, 19.89138484518722, 24.425713010999942, 22.76950911740471, 26.995660583870418, 27.13748922096488, 12.522516714218073, 24.687533781890032, 22.336689057600893, 23.07218181020219, 23.37850792545602, 21.710368188994703, 22.79409115906202, 22.242013032368504, 22.920015533942685, 22.939741665777746, 12.014133720356641, 20.740103515963927, 20.17184130165825, 21.980822428232585, 18.195182007803204]
Longitud: 43



Corresponde a: data/ff6/ff6.1.2.out
Error Cuadratico Medio: [4440.852277777778, 1580.3000555555554, 530.0788444444445, 534.3049222222222, 240.0915222222222, 309.3682111111111, 508.50974444444444, 522.3559777777778, 390.30083333333334, 355.29113333333333, 11452.7231, 4922.739544444445, 2360.022377777778, 2867.381066666667, 571.4235555555556, 554.6446777777778, 525.2308333333333, 536.0389666666666, 299.50822222222223, 274.51421111111114, 3694.678122222222, 1401.3352, 968.7146777777778, 919.4458888888889, 1547.8536888888889, 1382.7124444444444, 1982.7428777777777, 5994.9464333333335, 399.7799444444444, 448.02152222222225, 882.5756444444445, 727.1189888888889, 438.0124333333333, 394.00135555555556, 406.9252222222222, 186.9972, 189.02465555555557, 82.96393333333333, 6702.8886111111115, 1912.1529333333333, 436.1032, 492.86782222222223, 346.9338111111111, 344.1722888888889, 568.0796777777778, 469.233, 398.46455555555553, 481.71237777777776, 387.6668, 376.8234444444444, 1934.8620666666666, 2254.864777777778, 690.8113888888889, 627.4820555555556, 807.7123888888889, 554.3963444444445]

Peak to Signal Noise Ratio: [11.65614033993039, 16.14340805495842, 20.887398890775888, 20.852911857789532, 24.327035357426247, 23.226046748022505, 21.06781081253388, 20.951137917850282, 22.216808823212713, 22.624959915222792, 7.541716002447022, 11.208735024266339, 14.401642398896131, 13.555949476029152, 20.56122221711388, 20.69065510896816, 20.927301477279435, 20.83883999546039, 23.36671611549174, 23.745155288490754, 12.455037519210311, 16.665383297234047, 18.268844807350888, 18.49554185584696, 16.23350454334516, 16.72348489345611, 15.15813962347151, 10.352950539687695, 22.11259357568006, 21.61781483571019, 18.67328422380947, 19.514748743701354, 21.715939223925325, 22.17582644856334, 22.035657515443585, 25.412452571851727, 25.365619055128775, 28.94191027028055, 9.86818358538445, 15.315577368155664, 21.73491087454646, 21.203498954977235, 22.728337339476393, 22.763044607889825, 20.586711075646615, 21.416918134902033, 22.126906650260025, 21.302925550527032, 22.24621751488735, 22.369424458444385, 15.264303505934489, 14.599598581243466, 19.737208720263, 20.15479050291942, 19.058236166212012, 20.692600028876093]
Longitud: 56



Corresponde a: data/ff6/ff6.1.4.out
Error Cuadratico Medio: [6272.500033333334, 4049.9196444444447, 2247.695288888889, 1023.3413777777778, 666.2737777777778, 780.2402111111111, 890.8931111111111, 540.8399888888889, 1027.9577555555557, 1154.519, 999.1818777777778, 500.87403333333333, 15268.164588888889, 10693.292122222223, 6961.348077777778, 3924.6817666666666, 3127.9031777777777, 2194.594488888889, 1453.6241222222222, 670.0207888888889, 901.0964555555555, 871.3926555555555, 540.6816888888889, 428.2264666666667, 5040.524911111111, 3483.6052222222224, 2159.9299666666666, 931.8352555555556, 1116.0567, 1705.6673777777778, 1620.9048666666667, 878.3134444444445, 2065.2397, 4605.2581666666665, 2559.4694444444444, 883.8501555555556, 962.3945444444445, 1205.7528666666667, 855.8725888888889, 285.1636555555556, 445.8713, 618.3217222222222, 461.3449444444444, 313.1093, 715.7123333333333, 2501.4949666666666, 2814.224188888889, 947.0813444444444, 468.1036111111111, 923.0145777777777, 709.6800777777778, 461.408, 438.82796666666667, 733.1566555555555, 602.0517222222222, 442.7929555555556, 424.87544444444444, 600.8560888888888, 563.2148888888889, 432.35797777777776, 979.6225, 5961.087533333333, 3157.6679444444444, 1277.4718777777778, 672.1482111111111, 925.4714444444445, 792.7174777777777, 537.5123777777778]

Peak to Signal Noise Ratio: [10.156396885733335, 12.0563395452252, 14.61342925556183, 18.030598261259236, 19.894276395861326, 19.20852032152259, 18.63254760129923, 20.800115656715295, 18.01105093393564, 17.506792763412136, 18.134358122557177, 21.133518435971652, 6.292935279258667, 7.839689297091724, 9.703870111929172, 12.192759131837699, 13.178270595771702, 14.717260766121292, 16.506282395914063, 19.869920830034072, 18.583090794632792, 18.728664656596564, 20.801386991694315, 21.814068553777876, 11.106045954286053, 12.71051427943545, 14.786406910055433, 18.437412231141728, 17.65394101865272, 15.811860175533681, 16.033228346647583, 18.694308302695486, 14.981098959912655, 11.498263794911768, 14.049304116616149, 18.667017181755043, 18.297272084276315, 17.318220577415126, 18.806712434582582, 23.579861875053485, 21.63870842437957, 20.218658569284173, 21.49054595023133, 23.17384393606477, 19.58341859718717, 14.148807275046053, 13.63721669290469, 18.36693078880284, 21.427383694316028, 18.478718006887462, 19.62017747033442, 21.489952407180862, 21.70786063337217, 19.47883579440634, 20.334465577981394, 21.668796578475078, 21.848187289792506, 20.34309894331909, 20.624062337735968, 21.77236883972595, 18.22021609411534, 10.377548617586916, 13.137139025413108, 17.06729012499799, 19.856153137507174, 18.467173377914442, 19.13961927275537, 20.826918912780492]
Longitud: 68



Corresponde a: data/ff6/ff6.1.8.out
Error Cuadratico Medio: [7504.5789, 6093.281777777778, 4800.2964, 3553.6495777777777, 2457.7089, 1842.9213222222222, 1079.8915444444444, 469.29074444444444, 693.1140222222223, 2217.5765, 3450.158188888889, 4823.368266666666, 6577.189666666667, 8765.1475, 6913.526944444445, 3998.446122222222, 2662.717988888889, 4257.3735, 4894.430255555556, 3865.874677777778, 3033.322722222222, 2298.484711111111, 1681.878788888889, 678.8752444444444, 568.8409555555555, 747.0378777777778, 1390.0707777777777, 3324.4801333333335, 2702.3878666666665, 2094.3012555555556, 1569.5618, 1186.7055777777778, 2042.720711111111, 2425.1842333333334, 3334.0708, 4212.891544444445, 5198.216155555556, 2128.8636555555554, 1496.3421333333333, 618.9702333333333, 1005.4945555555555, 1519.1926555555556, 1430.3327, 1258.503588888889, 1144.7760333333333, 956.9059888888889, 570.4071666666666, 168.59834444444445, 487.44295555555556, 1148.8149666666666, 2054.794188888889, 5807.539111111111, 4399.426355555555, 3207.080966666667, 1996.9007777777779, 735.6553777777777, 453.72864444444446, 635.7683666666667, 819.5871888888889, 1038.5565444444444, 991.3991111111111, 863.2964222222222, 789.5214777777778, 683.8512, 642.2580555555555, 1278.3963222222221, 2137.9388222222224, 3288.6982666666668, 4116.546511111111, 2775.9061555555554, 1780.1408555555556, 904.2579666666667]

Peak to Signal Noise Ratio: [9.377540329144962, 10.282290987610969, 11.318123066360275, 12.624057606796308, 14.22549918692737, 15.475735661014156, 17.797002202091868, 21.416383719150428, 19.722756758252686, 14.672017501973816, 12.752413530449067, 11.297299390713768, 9.950399950617099, 8.70321132064213, 9.733807010861701, 12.111891124539138, 13.877551885539907, 11.839386083009515, 11.233782165713302, 12.258325897143704, 13.311617425044119, 14.516387415795641, 15.87285667392673, 19.812903886896102, 20.580895035761277, 19.39737738044713, 16.70043447221176, 12.9135661886084, 13.813326785564385, 14.920412077776833, 16.17301940563874, 17.387373772182478, 15.028713686430969, 14.283356247416421, 12.901055429035651, 11.885000819583876, 10.97226026215961, 14.849325132088305, 16.380494560891037, 20.214105968395835, 18.10700637500123, 16.314675087041184, 16.57643293354994, 17.13225902499287, 17.543598322720584, 18.322110882032124, 20.568953874598755, 25.862270551235067, 21.25156562447753, 17.528302759801264, 15.00312032031037, 10.490882176117303, 11.696843086676896, 13.069704365077028, 15.12723874732384, 19.464059467753984, 21.562841631944195, 20.097814455368507, 18.994851996189222, 17.966502140924224, 18.168318356872316, 18.769204198089085, 19.157164120163163, 19.78118747523667, 20.053708007339072, 17.064148483041986, 14.830850872876875, 12.960563314512045, 11.985473341837043, 13.696755809342601, 15.626259931824558, 18.567880172090593]
Longitud: 72



