Corresponde a: data/ff6/ff6.3.1.out
Error Cuadratico Medio: [1557.4394444444445, 450.2453111111111, 492.36872222222223, 164.5659222222222, 228.6546888888889, 518.8671222222222, 277.28315555555554, 7858.065766666667, 2411.091066666667, 2045.6397555555557, 1539.5809555555556, 446.3982555555556, 518.9997777777778, 355.4903777777778, 309.3001888888889, 2536.886577777778, 826.7543555555555, 722.0317777777777, 1132.3564888888889, 987.9267333333333, 3089.2274, 511.63255555555554, 522.8190666666667, 715.0450888888889, 274.6849111111111, 368.0835, 147.86641111111112, 162.9420111111111, 5246.420844444445, 323.00374444444446, 391.1437555555556, 361.9256888888889, 344.1170222222222, 459.1115222222222, 403.6553222222222, 464.9907666666667, 381.19478888888887, 508.7266222222222, 4112.0132, 686.3968777777778, 702.2429444444444, 493.1461888888889, 985.2856555555555]

Peak to Signal Noise Ratio: [16.20669191222026, 21.596311621285306, 21.20789904337594, 25.96740452975165, 24.539002492352186, 20.98024208172282, 23.70156873084021, 9.177647016274369, 14.308667469218486, 15.022512055628551, 16.256778305863598, 21.633578720801367, 20.979131889730276, 22.622525108923366, 23.227001756420442, 14.087793101800298, 18.957038693006027, 19.54524048880222, 17.59097187739757, 18.183556232528574, 13.232304826958687, 21.041221897049695, 20.947289434033053, 19.587469327196462, 23.742455572943207, 22.471340110103775, 26.4321082869519, 26.010472885823255, 10.932172360529098, 23.03872803917197, 22.20743959558044, 22.544609511591453, 22.763742047412148, 21.511621685707695, 22.070696778091474, 21.456360316887718, 22.319334058697994, 21.065958955352016, 11.99025860746946, 19.76505061503611, 19.665929764036754, 21.20104679691196, 18.195182007803204]
Longitud: 43



Corresponde a: data/ff6/ff6.3.2.out
Error Cuadratico Medio: [3579.8505444444445, 1173.3671333333334, 639.2714555555556, 654.3624222222222, 265.8727, 333.3863333333333, 558.5058111111111, 550.4105222222222, 531.1785666666667, 598.9777, 12037.423377777777, 4779.022288888889, 2695.304077777778, 3056.9070333333334, 618.1257333333333, 610.0715, 545.8455555555555, 556.5484111111111, 367.12426666666664, 376.8423888888889, 3964.945888888889, 1348.580311111111, 1202.5632777777778, 1115.713811111111, 1730.8364444444444, 1580.0051888888888, 1454.8348888888888, 5088.160622222223, 494.70877777777775, 521.2681111111111, 931.5679777777777, 761.1089333333333, 512.5190333333334, 441.0831111111111, 458.45193333333333, 203.6110111111111, 293.2648222222222, 248.52437777777777, 7305.316311111111, 1723.1563555555556, 693.1492, 732.5194444444444, 373.16954444444445, 414.18091111111113, 599.3502444444445, 498.25483333333335, 453.3902888888889, 556.987, 502.7672, 572.7932444444444, 1777.3775555555555, 2064.1750555555554, 835.6444666666666, 722.7201222222222, 977.2877555555556, 629.9830111111111]

Peak to Signal Noise Ratio: [12.592154652514013, 17.436464416474568, 20.073950479114004, 19.97262009523283, 23.884066149167072, 22.901325682540676, 20.660526646689952, 20.72393633134336, 20.878398181641842, 20.356697070048536, 7.325468251560222, 11.337413048357377, 13.824725925134755, 13.277981297061883, 20.220035366871308, 20.27699623831333, 20.760105823724725, 20.675774136455555, 22.482672688425033, 22.369206126464274, 12.148430961543436, 16.83203546056889, 17.329724230430923, 17.65527551745339, 15.748243297523143, 16.144218476463287, 16.502666533970867, 11.065195482739902, 21.1873074460797, 20.960192033532937, 18.438658094224326, 19.316335414694116, 21.033703625193397, 21.685599317262533, 21.51786552339273, 25.04279100290184, 23.458203893671538, 24.17711365725696, 9.494413357795175, 15.767556746711001, 19.722536345353706, 19.48261203510234, 22.41174168503636, 21.958902817381627, 20.353996740769755, 21.156288405905887, 21.566081470781512, 20.67235301949389, 21.117134238421684, 20.550824736313118, 15.633006692034979, 14.983338353361976, 18.91058819083163, 19.541102142052292, 18.23057903341828, 20.137515229701727]
Longitud: 56



Corresponde a: data/ff6/ff6.3.4.out
Error Cuadratico Medio: [5605.969277777778, 3259.0098666666668, 1697.1387, 884.2206555555556, 758.5921, 936.8483444444445, 1062.0358444444444, 612.2195777777778, 1120.241988888889, 1319.1656888888888, 1224.2188888888888, 641.1813333333333, 16177.430677777778, 11101.127377777777, 6871.328911111111, 3841.5983333333334, 3798.235833333333, 2791.8159444444445, 1732.4005, 720.827, 1042.0077444444444, 1050.0328444444444, 635.0839888888889, 477.31502222222224, 5924.574755555555, 4465.058266666667, 2741.429711111111, 1095.8461555555555, 1292.6371111111112, 2074.0567111111113, 2165.2387444444444, 1064.9724111111111, 2160.5257666666666, 4881.177555555556, 2519.781111111111, 795.7967333333333, 1134.7271333333333, 1494.1921555555555, 1015.9867444444444, 310.97904444444447, 517.1683444444444, 795.9099777777777, 658.4409555555555, 439.2086444444444, 548.5081222222223, 2351.8304777777776, 2683.4310111111113, 794.0103777777778, 624.1999555555556, 1218.1595666666667, 881.9109888888889, 502.8815666666667, 506.80444444444447, 890.1375777777778, 728.2971111111111, 481.48532222222224, 490.9082666666667, 803.8581666666666, 845.3236555555555, 603.2685333333334, 880.1130888888889, 6201.886544444445, 3004.2203222222224, 1144.6906888888889, 828.2248666666667, 1244.6432444444445, 1022.0112888888889, 618.2811111111112]

Peak to Signal Noise Ratio: [10.64429647487907, 12.999946855723268, 15.833630240404354, 18.665197049813617, 19.330720452328443, 18.414110672069775, 17.869411861358998, 20.261731473594416, 17.637685140126127, 16.927810139561362, 17.252212847760312, 20.060994905862, 6.041708133733925, 7.67713274956421, 9.760396233789942, 12.285684065723608, 12.334984341858231, 13.671935776284599, 15.744320604653762, 19.552493152340304, 17.95209414114588, 17.918774770952165, 20.102491969949305, 21.342752580215656, 10.404231771466803, 11.632532302913399, 13.751032455993197, 17.733307724887442, 17.016037406758006, 14.962597337011495, 14.775745711816226, 17.857420036634846, 14.785209107462705, 11.24555755220095, 14.117175448345481, 19.122782087896585, 17.581889211315556, 16.38673908816123, 18.061923191131072, 23.203492361136483, 20.994484267435425, 19.122164116795904, 19.945635243584206, 21.704094816171864, 20.73897297945011, 14.416743467031804, 13.843899264689652, 19.132541821408523, 20.17756627461342, 17.273761806302495, 18.67655606785004, 21.11614644200394, 21.082399460747506, 18.636232254003872, 19.507717735979618, 21.304973084002032, 21.22080015389576, 19.079009326018543, 18.86057338415983, 20.3256968789047, 18.685418810758502, 10.20556543754157, 13.353485812652659, 17.543922106603883, 18.94932095225587, 17.180354746345905, 18.03624667931179, 20.21894382144421]
Longitud: 68



Corresponde a: data/ff6/ff6.3.8.out
Error Cuadratico Medio: [6794.540277777778, 5042.118522222222, 3685.985811111111, 2604.7220888888887, 1842.921488888889, 1571.353588888889, 1016.8042888888889, 484.96402222222224, 636.6839222222222, 2158.2652777777776, 3465.0241333333333, 5124.761022222222, 7365.6667, 10090.304233333334, 7458.800555555556, 4178.3214333333335, 2922.6989444444444, 5088.625433333334, 6054.453544444445, 4668.682377777778, 3474.5833, 2494.4327222222223, 1773.4254777777778, 690.4906666666667, 594.2415888888889, 722.6986666666667, 1351.1261333333334, 4126.4564, 3300.260788888889, 2475.0798444444445, 1759.6977, 1266.8855444444443, 2228.804922222222, 2699.7033555555554, 3700.4861333333333, 4590.793522222222, 5580.8630111111115, 2206.860133333333, 1544.3853333333334, 631.6678444444444, 1131.6218888888889, 1869.2439, 1869.3792555555556, 1702.3182666666667, 1542.622388888889, 1270.0848888888888, 746.7033888888889, 218.1733111111111, 420.2964666666667, 881.7423222222222, 1479.4359444444444, 7306.202422222223, 5511.589144444444, 3907.6576111111112, 2303.0682888888887, 818.8346888888889, 452.6393444444444, 651.5435333333334, 848.3188444444445, 1037.7735, 1031.1733222222222, 937.6606333333333, 878.7597666666667, 737.4357333333334, 566.4973333333334, 957.2446555555556, 1490.2937666666667, 2310.9469444444444, 5379.397988888889, 3565.7524777777776, 2161.8362333333334, 997.8798444444444]

Peak to Signal Noise Ratio: [9.809202834018318, 11.104673106932687, 12.465267017613094, 13.97318967858311, 15.475735268255065, 16.16806439084053, 18.058429914603835, 21.273708398531227, 20.091564778304097, 14.78975537020334, 12.733740971186425, 11.034067426815897, 9.458682979408952, 8.091760999961162, 9.40411366369113, 11.920785141768702, 13.472962781482243, 11.064798766331164, 10.310054096468162, 11.438860320796598, 12.721776329092297, 14.16108565866579, 15.642674174368235, 19.73922548253853, 20.391173175858988, 19.54123107395018, 16.82384466728452, 11.975031001392413, 12.945321013838534, 14.194911473185998, 15.676422944731963, 17.10342980129313, 14.650083026658088, 13.81764314532276, 12.44821579731789, 11.51192600703951, 10.66378998492567, 14.693055516058449, 16.24324692289537, 20.125915915179206, 17.59379021471681, 15.414143888024565, 15.413829418400574, 15.820396015145766, 16.248207306517653, 17.092476119245863, 19.399322385038914, 24.74278738108211, 21.89524621858475, 18.677386741343252, 16.429841947349267, 9.493886604658277, 10.71803524782382, 12.2116385702879, 14.507735453318492, 18.99884128155026, 21.573280597413117, 19.99136922162648, 18.845212463979728, 17.969777842668652, 17.997486921330655, 18.410346778608403, 18.69210195999781, 19.45356182827688, 20.598824910133207, 18.32057410574443, 16.398084759005567, 14.492903859640975, 10.823466845941903, 12.609291682053067, 14.78257569332715, 18.140021101980892]
Longitud: 72



