Corresponde a: data/penal/penal.1.1.out
Error Cuadratico Medio: [0.54421768707483, 1.6097165532879818, 1.972953514739229, 1.4919444444444445, 2.286264172335601, 7.662607709750567, 1.1829818594104309, 3.1944104308390022, 1.2471995464852608, 3.8772732426303853, 1.1090986394557822, 10.875799319727891, 1.2965816326530613, 3.1700226757369614, 2.7188718820861677, 3.344892290249433, 3.38515873015873, 15.752545351473923, 35.90560090702948, 2.924348072562358, 3.0432936507936508, 3.986797052154195, 15.377641723356009, 8.568871882086167, 19.375430839002266, 11.611848072562358, 23.236286848072563, 10.085532879818594, 47.47906462585034, 19.927772108843538, 79.20975056689342, 53.97968820861678, 75.14517573696145, 112.2413775510204, 205.6060544217687, 235.93450113378685, 199.6846882086168, 340.27193310657594, 554.9464739229024, 178.9289909297052, 615.214387755102, 171.1365873015873, 473.0307029478458, 306.33033446712017, 300.3506179138322, 279.4060827664399, 300.5447505668934, 282.03969387755103, 198.7028798185941, 194.6074149659864, 314.31495464852605, 96.25434240362812, 374.55408163265304, 108.65255102040817, 326.6506349206349, 175.50721655328798, 198.26765306122448, 197.64569160997732, 284.9605498866213, 315.1399546485261]

Peak to Signal Noise Ratio: [50.77307708624143, 46.0633095078654, 45.17963508018188, 46.393277092596975, 44.539539502246306, 39.28703768620845, 47.40102275934277, 43.08689645559784, 47.17144416608056, 42.24553952797231, 47.68110188328913, 37.76619175481216, 47.00280495763544, 43.12017992053246, 43.78691617500321, 42.8869822336899, 42.83501323292589, 36.157296222480035, 32.57918161501609, 43.47051297302861, 43.29736500929628, 42.12456232397106, 36.2619062261073, 38.8015671136411, 35.25828992454934, 37.48179015905954, 34.46913631737927, 38.09381511303678, 31.3657820643694, 35.13621612840747, 29.143017151780384, 30.808499891629424, 29.371792564249436, 27.629273726699925, 25.000444618129052, 24.402889076617292, 25.1273559635501, 22.812542325174245, 20.688292645938084, 25.60399648133145, 20.240538772969323, 25.797374935562665, 21.381910305147073, 23.26890355770852, 23.35451831105956, 23.668445042467127, 23.351712140556756, 23.627701262405914, 25.148761994437464, 25.239209770555114, 23.15715316258773, 28.296600295508156, 22.395658267926667, 27.77040433422776, 22.989968541900502, 25.687853822607348, 25.158284950887936, 25.17193009076886, 23.582956206925413, 23.1457689268803]
Longitud: 60



Corresponde a: data/penal/penal.1.2.out
Error Cuadratico Medio: [0.771921768707483, 1.5693877551020408, 2.4701927437641724, 2.7912131519274377, 1.743424036281179, 2.7176870748299318, 5.5633106575963716, 12.714614512471655, 1.6021938775510205, 2.2960997732426303, 4.905952380952381, 2.756371882086168, 3.3992573696145123, 3.016734693877551, 6.183792517006803, 18.38875850340136, 1.196173469387755, 1.1650340136054422, 6.342845804988662, 4.731360544217687, 4.030170068027211, 3.6358843537414964, 11.364631519274376, 26.97560657596372, 63.7049149659864, 19.562097505668934, 4.030170068027211, 3.6358843537414964, 11.364631519274376, 26.97560657596372, 6.0859750566893425, 12.64311224489796, 33.81081632653061, 16.33138888888889, 20.761836734693876, 20.808701814058956, 28.906031746031747, 71.91190476190476, 21.569297052154194, 19.877749433106576, 149.03071428571428, 107.72895691609978, 121.1697335600907, 136.29217120181406, 187.32865079365078, 225.14663832199545, 297.7233276643991, 321.0709580498866, 492.7984863945578, 409.74993764172336, 497.9861507936508, 565.6520124716553, 144.7209240362812, 707.6977154195012, 462.9466893424036, 126.82688775510204, 679.8850113378685, 462.75904761904764, 414.80027777777775, 401.4699716553288, 384.2923469387755, 375.7729365079365, 385.7591609977324, 394.41083900226755, 426.0598979591837, 293.0685884353741, 325.2996428571429, 325.03145124716553, 125.89281179138322, 447.4637868480726, 246.12651360544217, 99.95124716553288, 531.9224433106576, 322.47092970521544, 294.0007029478458, 304.22287414965984, 295.96333900226756, 334.147641723356, 444.57812358276647, 458.3575396825397]

Peak to Signal Noise Ratio: [49.25507072371854, 46.17350101094993, 44.20349519232796, 43.6728735806928, 45.71677331635195, 43.78880911966077, 40.67747049064259, 37.08777163296352, 46.083652930298335, 44.5208960517888, 41.22357032405204, 43.72742549866554, 42.81696313092183, 43.33543242953907, 40.218254514697236, 35.48527951549495, 47.352861951495186, 47.46741755930323, 40.10796207070403, 41.38094316983783, 42.07756987667905, 42.52470299665245, 37.575250019103215, 33.82109141817611, 30.08907420522162, 35.216649415871125, 42.07756987667905, 42.52470299665245, 37.575250019103215, 33.82109141817611, 40.28750192793901, 37.112263672686744, 32.84024704392949, 36.00057240360823, 34.95814589318805, 34.94835374004528, 33.52091885561499, 29.56279568615374, 34.792443692815965, 35.147131490215145, 26.398045778908003, 27.807479060511838, 27.296862079465654, 26.786094507522428, 25.404761556763134, 24.60614893997591, 23.392674963958203, 23.06479336924248, 21.20410995622866, 22.005614647189855, 21.158630958542375, 20.605310242748487, 26.52549034057496, 19.632325672441496, 21.475493781813498, 27.098690255731462, 19.806448939915022, 21.477254422649796, 21.952413223184198, 22.094272935249215, 22.284186251554594, 22.381548622415185, 22.267641123970876, 22.171315193700565, 21.83609701848498, 23.461110883190607, 23.007967743928724, 23.011549739129777, 27.130794273324014, 21.623224671566177, 24.219219609305927, 28.13292143366954, 20.872320460495963, 23.045897911606893, 23.447319920679792, 23.298884958468577, 23.418424425626363, 22.89141960469241, 21.651322723678227, 21.51875981262114]
Longitud: 80



Corresponde a: data/penal/penal.1.4.out
Error Cuadratico Medio: [0.8671995464852608, 2.7260430839002265, 3.838214285714286, 2.884410430839002, 3.4712301587301586, 4.3940589569160995, 5.131768707482993, 3.5723072562358276, 4.479416099773243, 14.199087301587301, 8.791326530612245, 4.2470748299319725, 6.969183673469388, 6.580515873015873, 7.437993197278912, 8.155362811791383, 4.110204081632653, 9.66205782312925, 16.641785714285714, 3.6040362811791384, 3.7241496598639454, 5.991938775510204, 7.788718820861678, 5.192579365079365, 5.05437074829932, 9.512312925170068, 9.64767006802721, 5.579433106575964, 60.78336167800453, 34.64579931972789, 20.288378684807256, 7.870606575963719, 8.889943310657596, 17.461111111111112, 27.306615646258503, 37.71812358276644, 8.10580498866213, 23.005090702947847, 28.54536281179138, 7.182176870748299, 19.8175, 30.83233560090703, 30.49965419501134, 10.30048185941043, 36.379943310657595, 112.34371882086168, 71.21395691609978, 18.869761904761905, 210.04654195011338, 309.30794217687077, 295.99765306122447, 151.5431292517007, 191.15218253968254, 391.45524376417234, 430.12882653061223, 343.1345578231292, 356.92010770975054, 558.0641609977324, 483.37557823129254, 469.37763605442177, 510.1709693877551, 789.3909750566894, 610.3466383219954, 607.0810317460317, 942.0585544217687, 890.9653911564626, 782.9093083900227, 825.0934523809524, 468.09246031746034, 666.0385884353741, 677.6904648526078, 452.5115646258503, 442.39883219954646, 627.5332936507937, 666.9993310657596, 417.7718537414966, 456.58401927437643, 642.5177664399093, 583.0175963718821, 342.7911621315193, 627.2255385487529, 695.8644501133787, 721.0064569160998, 684.034314058957, 381.30148526077096, 615.5008786848073, 649.2501077097505, 334.662216553288, 318.6486507936508, 576.7547732426303, 589.4664342403628, 343.40878684807257, 374.1492857142857, 718.376179138322, 794.4568650793651, 507.41066326530614]

Peak to Signal Noise Ratio: [48.74961318794217, 43.77547645483611, 42.28951143333131, 43.530233034452465, 42.725969504945105, 41.7021448113468, 41.02813286689467, 42.60131555122574, 41.61858954274535, 36.60819931458332, 38.69025949792055, 41.84990447901662, 39.698984503266225, 39.94820419834168, 39.41624584046568, 39.01637074381373, 41.99216974678825, 38.28010728649844, 35.91880435292357, 42.562912065751505, 42.42053235511594, 40.35512993692174, 39.216143351324334, 40.976972177113055, 41.094132657384904, 38.34794232100083, 38.28657917863423, 40.664902858000204, 30.292956454162795, 32.734297753935294, 35.05833018436613, 39.17072156788076, 38.641813692955694, 35.710084849536365, 33.7681248340244, 32.3653028173158, 39.04284209694004, 34.51256410956203, 33.57544793603765, 39.568242648614586, 35.16031494002473, 33.2407393636307, 33.28785445522756, 38.002228192706895, 32.52218342882826, 27.625315650001383, 29.605152433878974, 35.37313940517522, 24.907648248360623, 23.226892892342583, 23.417920932772166, 26.32544110007327, 25.3170109979181, 22.203982458082404, 21.79481811632443, 22.77615901872919, 22.605093454944893, 20.66396227942174, 21.28795656267762, 21.415579674876035, 21.053646188509276, 19.15788203978777, 20.275038039671816, 20.298336973191642, 18.39002463306517, 18.63219526327884, 19.19368904233916, 18.965772201302904, 21.427487149741644, 19.895809691464663, 19.82048985735527, 21.574506781244487, 21.672663889771506, 20.154435886985013, 19.88954962505477, 21.921411836643017, 21.535596540255902, 20.05195219899383, 20.47398698232593, 22.7805074448662, 20.15656627797082, 19.70555710770305, 19.55141206841303, 19.780024725503285, 22.318118639097374, 20.23851683604327, 20.00668330517673, 22.884736776965017, 23.097682769163374, 20.520891634236182, 20.426212805957874, 22.772689575479355, 22.400354404165416, 19.567284378772317, 19.13010038640509, 21.07720771161897]
Longitud: 96



Corresponde a: data/penal/penal.1.8.out
Error Cuadratico Medio: [0.730578231292517, 2.949467120181406, 5.614931972789115, 7.445583900226757, 8.24842970521542, 7.311150793650794, 7.381451247165533, 4.364733560090703, 4.723333333333334, 9.109212018140589, 22.556978458049887, 19.67888321995465, 16.63269274376417, 13.058032879818594, 6.30125850340136, 4.049699546485261, 4.063185941043084, 12.565209750566893, 15.06922335600907, 17.61562358276644, 20.50848072562358, 12.271689342403628, 6.956479591836735, 1.7379421768707484, 10.820504535147393, 17.095770975056688, 23.608990929705215, 28.937783446712018, 34.265708616780046, 39.68040249433106, 42.41028911564626, 45.93017573696145, 123.70600907029478, 115.46318594104308, 105.83921201814059, 96.61838435374149, 85.92148526077098, 80.34709183673469, 67.30407029478458, 58.19924603174603, 8.869971655328799, 31.908293650793652, 56.08924036281179, 73.35217120181406, 81.49559523809523, 89.41314058956917, 83.91212585034013, 25.01515306122449, 12.97687074829932, 70.4541156462585, 236.33598072562359, 296.3160941043084, 337.15297052154193, 380.8529591836735, 273.13965419501136, 124.9236507936508, 162.32037414965987, 383.9147335600907, 541.9637585034013, 636.8307936507937, 681.7811167800453, 732.0496315192744, 613.8301360544218, 394.59444444444443, 728.0310260770975, 697.3380668934241, 831.638560090703, 907.287193877551, 977.2750283446712, 974.4331179138322, 1042.8986734693879, 1014.3814682539683, 660.2274092970522, 930.2250510204082, 890.2371031746031, 977.2909410430839, 952.9576587301588, 900.4619274376417, 783.839007936508, 481.5393367346939, 469.66590702947843, 725.4759297052154, 893.5593083900227, 893.1391099773242, 877.7805385487528, 817.9645861678005, 377.13223922902495, 365.81302721088434, 356.7043594104308, 851.036320861678, 913.9620181405895, 900.2862698412698, 911.1008446712018, 752.7544501133787, 404.33646258503404, 21.10202380952381, 734.3839512471656, 874.5646145124716, 923.2395975056689, 953.3528514739229, 953.0765022675737, 888.0492800453515, 732.8928628117914, 439.207052154195]

Peak to Signal Noise Ratio: [49.494136332745, 43.43336801726831, 40.63735861894881, 39.411815990479695, 38.967090832599055, 39.49094619478216, 39.44938605186589, 41.731226230013704, 41.38831765340113, 38.53599550412416, 34.59799436074339, 35.19079912360655, 35.921177960086126, 36.97202603054834, 40.136530643510355, 42.056575574418474, 42.0421366373933, 37.139106182175915, 36.349894908287446, 35.671823393080146, 35.01146871972831, 37.24176008280896, 39.70690845486005, 45.73045037940367, 37.78832849476112, 35.80191669735724, 34.400029355437795, 33.51615098553742, 32.78220643387335, 32.145042921392864, 31.856091277644417, 31.509822537594445, 27.20689564693231, 27.506368241826465, 27.884337630354736, 28.28020589900408, 28.789785851220454, 29.0811019877434, 29.850390313673884, 30.48163002444366, 38.6515812885512, 33.09176780674989, 30.64200802628283, 29.47667387514629, 29.019462247105764, 28.616790113542912, 28.89255637114617, 34.148771963052155, 36.99910381854257, 29.65173992943442, 24.395505154901617, 23.413251204885242, 22.852533704413975, 22.32323026507241, 23.76695605627817, 27.164356932158565, 26.02707325789482, 22.288455814385422, 20.791101149351178, 20.090563055269953, 19.794353924170963, 19.485398345031662, 20.25032154515899, 22.16929394407152, 19.50930473083777, 19.69636987373144, 18.931457430675792, 18.553355799008752, 18.23063559192336, 18.243283250261427, 17.948382458170308, 18.068790543883736, 19.933868107927808, 18.444923299566195, 18.63574670080928, 18.230564877532327, 18.34006756125028, 18.586150057926385, 19.188534884188172, 21.30448590634743, 21.412913249051275, 19.52457353149454, 18.61956977555401, 18.621612536138876, 18.69694413083701, 19.00345859598595, 22.3658670111995, 22.498211935026315, 22.607719438302986, 18.831322653976624, 18.521522128963333, 18.58699734046334, 18.53513911600335, 19.36427029225164, 22.063374536043785, 34.88756252150313, 19.471571833622985, 18.712884593578867, 18.47765937879676, 18.33826690989317, 18.339525985515362, 18.646432943484008, 19.480398684783285, 21.704110560946724]
Longitud: 104



