Corresponde a: data/penal/penal.2.1.out
Error Cuadratico Medio: [0.8617517006802721, 1.7178231292517008, 2.134155328798186, 2.2106179138321997, 2.6590249433106576, 6.008112244897959, 1.5800113378684808, 3.311825396825397, 1.4482312925170069, 5.169812925170068, 1.715532879818594, 7.947573696145125, 1.7263038548752834, 3.3879478458049888, 2.9117290249433108, 4.1853968253968254, 3.9612074829931974, 11.628248299319727, 24.00955215419501, 3.9893820861678004, 3.916740362811791, 4.968174603174603, 15.678877551020408, 8.633321995464852, 15.026729024943311, 12.761354875283446, 29.813628117913833, 15.407142857142857, 45.23422902494331, 28.28672902494331, 68.18592403628118, 50.20454081632653, 73.92015873015873, 128.19266439909296, 208.88668934240363, 255.5284410430839, 118.65973922902495, 365.5395918367347, 657.5400850340136, 324.28612811791385, 642.2897392290249, 310.14929705215417, 460.3903684807256, 328.921746031746, 338.21643990929704, 305.72459750566895, 311.87125850340135, 306.5496825396825, 127.06716553287981, 200.69458616780045, 390.72501133786847, 171.0170238095238, 370.24884920634923, 192.40616780045352, 293.34493764172333, 180.91718253968253, 215.1145351473923, 225.94024376417232, 292.76636054421766, 347.094552154195]

Peak to Signal Noise Ratio: [48.77698211700221, 45.7810191496077, 44.838543356646596, 44.68566675844116, 43.8835794956441, 40.34342323209274, 46.144201574856076, 42.93012928647012, 46.5224243364614, 40.9960553286803, 45.78681314729323, 39.128457971429086, 45.75963120542437, 42.83143644703173, 43.489294052158066, 41.9134372030447, 42.152527700770726, 37.47566064130623, 34.32696301551233, 42.12174727674737, 42.20155577355633, 41.168835104419884, 36.177653924969604, 38.76902421851141, 36.36215905964219, 37.07183574913636, 33.38665530903328, 36.25358251443603, 31.57613168294695, 33.61497630750933, 29.793856305561167, 31.123373616055833, 29.443174700860816, 27.05217186715883, 24.931695940772656, 24.05641115494436, 27.387769712868355, 22.501459383017632, 19.951581273891076, 23.02151989471211, 20.053493767828286, 23.21509559686501, 21.499541313997888, 22.959877738875612, 22.8388564705514, 23.277499789582137, 23.191050080682167, 23.265794901562003, 27.090470185760193, 25.105447035232366, 22.212091484187795, 25.80041016683117, 22.445866435304616, 25.288613711350948, 23.457017630257543, 25.556005450982333, 24.80410604497024, 24.590867678931552, 23.465591869423314, 22.72632563641151]
Longitud: 60



Corresponde a: data/penal/penal.2.2.out
Error Cuadratico Medio: [1.2213208616780045, 2.0943027210884355, 2.5547562358276643, 2.9241893424036283, 1.698611111111111, 2.7475566893424035, 7.195430839002268, 16.34796485260771, 1.9624546485260772, 2.6850396825396827, 6.236655328798186, 3.2026814058956914, 4.468407029478458, 3.4386451247165533, 5.754608843537415, 19.886196145124718, 2.175736961451247, 2.2428968253968256, 6.388860544217687, 5.187998866213152, 4.571343537414966, 4.256967120181406, 9.528333333333334, 22.544433106575962, 52.448157596371885, 13.340039682539683, 5.933956916099773, 5.457199546485261, 10.107766439909296, 23.850572562358277, 7.6438492063492065, 14.712165532879819, 37.81608276643991, 17.95515873015873, 18.84375850340136, 23.497120181405897, 43.05018140589569, 91.91222789115646, 23.13721655328798, 22.10140022675737, 156.02656462585034, 118.02977891156462, 142.88554421768708, 153.94000566893425, 192.66149092970522, 242.80887188208618, 331.2802380952381, 346.24007936507934, 464.4117120181406, 484.5410941043084, 533.2403117913832, 610.601768707483, 65.74827664399093, 664.516462585034, 454.2610657596372, 61.37388888888889, 743.1685317460317, 491.09272675736963, 474.44315192743767, 444.17031746031745, 422.93157596371884, 436.5894217687075, 414.14149659863943, 422.0376927437642, 574.1430612244898, 326.6652947845805, 379.5075793650794, 332.47563492063495, 110.20985827664398, 485.037641723356, 321.4631292517007, 188.28980725623583, 524.2460941043084, 328.0275453514739, 308.2602664399093, 318.87073696145126, 324.61845238095236, 359.8826530612245, 444.57812358276647, 458.3575396825397]

Peak to Signal Noise Ratio: [47.262505854160594, 44.920409038707746, 44.05730892986372, 43.4707487093407, 45.82986400262893, 43.74133699039134, 39.560235576752916, 35.99616665541037, 45.20280731691359, 43.84129652292053, 40.181286176083844, 43.075666224985824, 41.62927634516291, 42.766930028213736, 40.53064552079621, 35.14528642156236, 44.75473971264258, 44.62271064632877, 40.076569523942034, 40.980804883667055, 41.53036501031777, 41.83980065066844, 38.34063419037281, 34.6004104168579, 30.933501240062604, 36.87923239392149, 40.397359721004435, 40.76110526499647, 38.08425162743746, 34.35581551592909, 39.297682499229786, 36.45403758177052, 32.3540382105029, 35.588911120670645, 35.37912831068655, 34.42065722679737, 31.791053750337888, 28.49707067627748, 34.4876924947851, 34.68660571730745, 26.198818145118594, 27.41088767245195, 26.580920675846833, 26.25728862651291, 25.282854440746284, 24.278158096877483, 22.928848312406167, 22.73703022228551, 21.461771971727952, 21.277497452480702, 20.86157387180132, 20.27322302898737, 29.95195987034083, 19.90574616339685, 21.557748453835707, 30.250967181204675, 19.419930489813456, 21.219168587308708, 21.36896178421302, 21.655308282536435, 21.868102501951725, 21.730071519939504, 21.95931612275951, 21.87729120760263, 20.54060240318254, 22.989773637789686, 22.338599070038416, 22.913205368144727, 27.708599169541735, 21.27304917196796, 23.059491928792095, 25.38253549997208, 20.935451574296515, 22.971700467542213, 23.2416281141862, 23.094656953699975, 23.017071579486867, 22.569194474224265, 21.651322723678227, 21.51875981262114]
Longitud: 80



Corresponde a: data/penal/penal.2.4.out
Error Cuadratico Medio: [1.4800056689342405, 3.880170068027211, 4.996309523809524, 3.5296031746031744, 3.7163718820861678, 4.5646768707483, 5.5199036281179135, 3.918350340136054, 4.359109977324263, 17.72028911564626, 10.669569160997732, 4.922539682539682, 6.856366213151928, 7.753259637188209, 9.253083900226757, 9.671819727891156, 3.8688038548752837, 9.492001133786848, 17.79875850340136, 3.1823242630385487, 4.217896825396825, 5.499620181405896, 8.68234126984127, 5.639648526077098, 6.843157596371882, 12.250702947845806, 14.131298185941043, 7.0969444444444445, 64.34616780045351, 37.163134920634924, 20.54030612244898, 7.75578798185941, 9.617448979591837, 15.676842403628118, 25.407086167800454, 34.67241496598639, 10.589126984126985, 28.191162131519274, 33.59820861678005, 7.107539682539683, 19.43624149659864, 29.792448979591835, 30.244109977324264, 9.510719954648525, 31.227159863945577, 127.74765306122448, 88.2415589569161, 30.463452380952383, 216.1440589569161, 339.5235941043084, 334.9885260770975, 165.72531179138323, 194.86263605442176, 416.9607823129252, 465.62595238095236, 363.2519784580499, 394.83217120181405, 626.4184467120182, 577.7542630385487, 479.9682482993197, 533.111768707483, 832.6940873015873, 662.7618820861678, 700.6414965986395, 1023.02891723356, 978.6348979591837, 853.6531632653061, 896.800283446712, 532.842380952381, 774.014529478458, 749.7836451247166, 473.522522675737, 459.892193877551, 690.2570238095238, 753.4619897959184, 467.1737528344671, 490.06052721088435, 704.0581746031746, 632.7401360544218, 362.8468537414966, 723.6667743764173, 816.7393537414966, 744.9165249433106, 675.3192743764172, 399.24633786848074, 665.1318367346939, 796.7965476190476, 361.81184240362813, 336.3918537414966, 627.426014739229, 642.7740136054422, 364.1252494331066, 400.84718253968254, 769.0861734693877, 829.1720861678004, 523.8899376417233]

Peak to Signal Noise Ratio: [46.42816981971505, 42.24229599710015, 41.14431025577627, 42.65354479493574, 42.42961195304908, 41.53670321213993, 40.71148865410806, 42.199770971556546, 41.73682534763154, 35.64609557520857, 37.84933477973807, 41.20891135024023, 39.769863547381306, 39.23596033223683, 38.467938608164836, 38.27572167712438, 42.255036489560936, 38.35722579447626, 35.62690650352606, 43.103359308517014, 41.87984408676595, 40.72747663885569, 38.74443508564026, 40.618283221224516, 39.778238190527254, 37.24919351546001, 36.62898300286649, 39.62008955324193, 30.045576736939417, 32.42968018804995, 35.00473449050678, 39.23454432504444, 38.30020469808007, 36.178217683853056, 34.08125500375113, 32.73096269142986, 37.882202045002835, 33.62967381594283, 32.86764238495547, 39.61361067762567, 35.24468074305476, 33.38974156591838, 33.32439552240253, 38.348669669067064, 33.18547874284413, 27.067274307063443, 28.674071887203922, 33.29301241085411, 24.78337058068273, 22.822104012992117, 22.88050428895962, 25.9369151610699, 25.233517875840832, 21.929851519997815, 21.450431824783735, 22.52872372499162, 22.16667828810044, 20.162158225663, 20.513372022039338, 21.31867852751704, 20.862620909704013, 18.92594879986976, 19.917228383017857, 19.675845053482504, 18.03192451087839, 18.22459662298201, 18.81798906895497, 18.60384624015914, 20.864816006332912, 19.243312477133202, 19.381443978546024, 21.37739720208316, 21.504243228630756, 19.74069526308224, 19.360190126953817, 21.4360192599166, 21.228306379612363, 19.65471815553457, 20.11854977311068, 22.533569992175554, 19.53541727493245, 19.00996878744562, 19.40972752264122, 19.835712157147892, 22.118394196536457, 19.901726249007137, 19.117329171706984, 22.54597583290554, 22.862348907395194, 20.155178391369326, 20.05022050299769, 22.51829565731645, 22.101015254772726, 19.27105357132135, 18.944356875948404, 20.9384030383749]
Longitud: 96



Corresponde a: data/penal/penal.2.8.out
Error Cuadratico Medio: [1.3418537414965985, 4.282086167800453, 7.504200680272109, 9.579478458049886, 10.221241496598639, 8.711621315192744, 8.8865589569161, 5.030181405895692, 4.72734126984127, 9.09328231292517, 23.264739229024944, 19.73811224489796, 16.53091836734694, 12.875527210884353, 5.9194274376417235, 4.042329931972789, 3.9664625850340136, 13.491213151927438, 15.56219954648526, 16.278367346938776, 18.85, 17.236797052154195, 9.375521541950114, 2.569421768707483, 11.029450113378685, 18.48736394557823, 26.755873015873014, 34.18281179138322, 40.883548752834464, 48.04871882086168, 49.504472789115646, 50.53165532879819, 136.7087188208617, 135.91077664399094, 129.58825396825398, 120.54458616780046, 107.0574149659864, 97.69769274376418, 78.55112811791383, 63.50268707482993, 5.36703514739229, 22.241882086167802, 44.79273809523809, 76.80842403628118, 74.7025, 82.22818027210884, 78.57381519274377, 26.174733560090704, 25.983339002267574, 114.25978458049886, 298.36410430839004, 390.42813492063493, 439.1096768707483, 508.6395691609977, 330.0203174603175, 139.85669501133788, 164.87093537414967, 404.01116213151926, 581.6220408163265, 691.4202494331066, 747.235022675737, 799.1392120181406, 667.2703741496599, 417.25156462585034, 800.5080045351474, 788.3709863945578, 942.8514965986394, 1004.2195464852608, 1060.3993820861679, 1011.083962585034, 1032.9970578231294, 997.1284013605442, 657.5563548752834, 939.2698469387755, 958.3814795918368, 1073.323015873016, 1093.3260260770976, 1054.8225850340136, 906.8240589569161, 528.2462755102041, 497.05653628117915, 789.3787868480725, 977.1030158730159, 980.1622052154195, 964.6401473922903, 895.7492120181406, 393.6216496598639, 383.2940589569161, 389.7031179138322, 994.4077891156462, 1084.3643253968255, 1023.1135827664399, 1003.9059013605442, 839.3163492063492, 455.9127721088435, 42.694761904761904, 734.3839512471656, 874.5646145124716, 923.2395975056689, 953.3528514739229, 953.0765022675737, 888.0492800453515, 732.8928628117914, 439.207052154195]

Peak to Signal Noise Ratio: [46.85375179403454, 41.81424958576532, 39.37775921268566, 38.31738495730569, 38.03576711412072, 38.729813720238404, 38.64346734354497, 41.11496713354953, 41.38463405432137, 38.54359686327166, 34.46382171913097, 35.17774746517455, 35.94783379601835, 37.03315339846711, 40.40800659668357, 42.06448603448271, 42.1467699885227, 36.83029356970743, 36.21009381106854, 36.014695160746584, 35.377690063260985, 35.76623792639507, 38.41084924842453, 44.03244961627755, 37.70526500166465, 35.46205369963139, 33.856612347562674, 32.79272577051464, 32.015317746981445, 31.313985488102375, 31.184359211287852, 31.095168356677227, 26.7728414757997, 26.79826466670655, 27.00514722512006, 27.31932650511528, 27.834636082725957, 28.231960534488664, 29.17927934294378, 30.10288258299073, 40.833459214838854, 34.65908826831396, 31.618727500127033, 29.276715065676548, 29.397452246745075, 28.980596815357394, 29.178025198150465, 33.95198091299124, 33.98385401310182, 27.551869599390116, 23.383337881749004, 22.2153925474079, 21.70507352902078, 21.06670218162659, 22.945396831437126, 26.673970997643334, 25.95936259008483, 22.06686996784141, 20.484395049296978, 19.73338266413212, 19.39623141920016, 19.104579197955548, 19.8877851764301, 21.926823869795406, 19.097146819416807, 19.16349727858934, 18.386370661014766, 18.11251690485554, 17.87610894878003, 18.082931390323196, 17.98981276301823, 18.143292743598632, 19.951473815577433, 18.402899803159563, 18.315419483401875, 17.82349918585176, 17.74330674478027, 17.89900940874084, 18.555573269899405, 20.90243917199534, 21.166745717351567, 19.157949095439257, 18.231400071115832, 18.21782408644008, 18.28715027988558, 18.60893926074221, 22.180013837375707, 22.29548273109056, 22.2234648038352, 18.155158434275084, 17.779051396191427, 18.031565105081796, 18.113873536715307, 18.891546779657595, 21.54198602009452, 31.827057648920857, 19.471571833622985, 18.712884593578867, 18.47765937879676, 18.33826690989317, 18.339525985515362, 18.646432943484008, 19.480398684783285, 21.704110560946724]
Longitud: 104



