Corresponde a: data/penal/penal.3.1.out
Error Cuadratico Medio: [1.055436507936508, 1.955890022675737, 2.319580498866213, 1.964875283446712, 2.820453514739229, 7.658911564625851, 1.8171655328798186, 4.329739229024943, 1.746672335600907, 4.277755102040817, 2.0295578231292515, 10.929778911564625, 2.019903628117914, 2.745578231292517, 3.412454648526077, 3.7720238095238097, 4.468775510204082, 23.110357142857143, 42.3262641723356, 5.050260770975057, 3.9772278911564625, 5.029756235827664, 15.639438775510204, 9.75311224489796, 19.963820861678006, 13.57390589569161, 24.55185941043084, 10.80501133786848, 37.78, 28.968962585034014, 70.77642857142857, 51.667556689342405, 73.36308956916099, 113.66887188208617, 212.35027210884354, 272.0999943310658, 201.50858843537415, 381.3290873015873, 608.2979365079365, 211.84963151927437, 653.7273185941043, 313.25420634920636, 461.9101530612245, 335.61225623582766, 326.0307256235828, 306.07275510204084, 321.9216439909297, 300.37170634920636, 333.3265589569161, 220.4442006802721, 319.556462585034, 125.41411564625851, 369.0206632653061, 138.28306689342404, 327.42545918367347, 200.49816893424037, 219.39204648526078, 208.9432879818594, 295.3910600907029, 348.2086961451247]

Peak to Signal Noise Ratio: [47.89648248361324, 45.217359295818966, 44.476709119688294, 45.197453712607015, 43.62761414565267, 39.28913305995615, 45.53685870135658, 41.766186203588596, 45.70868919071672, 41.818644429224186, 45.056789317688185, 37.7446898377261, 45.07749711606945, 43.74446538051213, 42.80013472548255, 42.36505935468534, 41.62891822526281, 34.49273703836503, 31.864704226783015, 41.097665573093316, 42.13499884532125, 41.11533423128135, 36.18859196611616, 38.239371384916275, 35.12836696645063, 36.8037552685109, 34.22995972306677, 37.79455133936375, 32.358184072820954, 33.51147418017008, 29.631917168197912, 30.998624362184238, 29.47602748203435, 27.57438811050224, 24.860275390293516, 23.783518281362483, 25.087868000652023, 22.317804268956646, 20.28964017633224, 24.870526479204933, 19.976837268018382, 23.171834494954684, 21.485228524641798, 22.872425484061356, 22.99821830309243, 23.27255688034546, 23.05330183965378, 23.354213391773268, 22.90210441900151, 24.697816827256887, 23.085327558926192, 27.147339407825164, 22.460296757634612, 26.72311357945759, 22.97967915623667, 25.109699501231137, 24.718594816135997, 24.9305193628207, 23.426830134668883, 22.712407479042838]
Longitud: 60



Corresponde a: data/penal/penal.3.2.out
Error Cuadratico Medio: [1.4017006802721088, 2.2849603174603175, 2.762777777777778, 3.172613378684807, 2.197715419501134, 3.455924036281179, 5.394733560090703, 13.874285714285714, 2.183480725623583, 2.8326643990929705, 5.540051020408163, 3.0588662131519273, 3.4113208616780044, 3.831893424036281, 9.203667800453514, 24.155895691609977, 1.8775566893424036, 1.8795975056689342, 6.753622448979592, 5.0713208616780046, 5.159608843537415, 5.419291383219955, 13.813548752834468, 38.22668367346939, 79.95280045351474, 21.427244897959184, 7.385702947845805, 6.832471655328798, 14.687517006802722, 34.675096371882084, 6.138202947845805, 13.492709750566894, 38.73431405895692, 18.9653514739229, 20.437709750566892, 22.339467120181407, 29.393531746031748, 77.51746598639455, 23.704557823129253, 22.69683673469388, 155.5208560090703, 117.86451814058957, 144.03536848072562, 155.54524376417234, 198.16977891156463, 254.58446145124717, 327.5823242630386, 359.71243764172334, 557.6666780045351, 465.8263378684807, 553.9308390022676, 633.0764909297052, 123.24367346938776, 780.1299092970521, 594.2970691609977, 248.98861678004536, 676.4788605442177, 499.2846371882086, 452.98455782312925, 442.6136621315193, 431.2605725623583, 425.30124716553286, 431.8323866213152, 438.67422335600907, 483.077522675737, 318.55197278911567, 342.12607142857144, 340.81015306122447, 64.18985260770975, 381.91217120181403, 236.31819727891155, 57.03785714285714, 569.0801077097506, 336.9918650793651, 320.0399376417234, 330.04901360544216, 320.74654761904765, 365.5892403628118, 482.1553231292517, 507.05392857142857]

Peak to Signal Noise Ratio: [46.6642507675548, 44.542016987192234, 43.71734406738992, 43.116632095787615, 44.711089056020356, 42.74516173064089, 40.811103606422705, 36.70869727150985, 44.739309982685626, 43.608852364906326, 40.69566596540257, 43.27519878378324, 42.80157790712171, 42.29666939270538, 38.49119426124847, 34.3005721526927, 45.39487302277239, 45.390155008496926, 39.83543582464271, 41.07959271706777, 41.00463582405892, 40.7913785818133, 36.727750960629095, 32.30713738098295, 29.102466807755487, 34.821140275551706, 39.44688524477635, 39.785025221804645, 36.46131978378478, 32.73062684093938, 40.25039117425013, 36.82981182764661, 32.24984491362835, 35.35119465225314, 35.02648133711435, 34.64007551511995, 33.44828589505664, 29.236807934984895, 34.38248502320973, 34.57115027216439, 26.212917228600897, 27.416972758318657, 26.546112128701537, 26.21223625002456, 25.160429360096238, 24.072484678814487, 22.977599008751532, 22.571249063527556, 20.66705665795578, 21.448563209209098, 20.696248165631022, 20.116241744181043, 27.223157262075244, 19.20913432288859, 20.390767723737, 24.169008683208396, 19.82826131098261, 21.14732157694903, 21.569969636376683, 21.67055545725934, 21.78340605715951, 21.843837046144685, 21.777651503743883, 21.70938245002153, 21.29063530388215, 23.09900061860229, 22.78894190377278, 22.805678365315135, 30.05613982406437, 22.31116861694496, 24.39583195843533, 30.569171597413852, 20.57906955830446, 22.854609436576535, 23.078761837506384, 22.94501921724114, 23.069183703589523, 22.50086955315473, 21.29893395011775, 21.080262089597014]
Longitud: 80



Corresponde a: data/penal/penal.3.4.out
Error Cuadratico Medio: [1.5491156462585034, 3.963718820861678, 5.097108843537415, 3.6072392290249433, 3.781105442176871, 4.773548752834468, 5.799450113378684, 4.1086167800453515, 4.517465986394558, 14.676354875283447, 8.61171768707483, 4.193015873015873, 7.726848072562358, 7.260753968253968, 8.285997732426305, 8.965374149659864, 4.038514739229025, 9.847551020408163, 18.18626984126984, 3.2567913832199546, 4.212987528344671, 6.416099773242631, 8.57517006802721, 5.6755328798185944, 5.617267573696145, 10.858497732426304, 10.29658163265306, 6.127868480725623, 72.02117346938776, 27.86198979591837, 16.349914965986393, 7.038418367346939, 9.429705215419501, 18.59041383219955, 31.488032879818594, 42.73031179138322, 7.047482993197279, 21.131757369614512, 28.414450113378685, 9.360085034013606, 20.24827664399093, 31.657414965986394, 34.38659297052154, 12.397103174603174, 34.5874716553288, 108.19818594104308, 68.82052721088435, 18.143894557823128, 215.3855045351474, 323.2600283446712, 310.0480725623583, 155.4743140589569, 197.8052267573696, 422.38322562358275, 451.8711337868481, 352.07373015873014, 381.58036281179136, 639.6746598639455, 521.8949489795918, 543.5992913832199, 550.7331916099773, 878.3074943310658, 676.8543594104308, 679.5566609977325, 1048.802477324263, 1015.9961337868481, 888.6638038548753, 922.707619047619, 520.7078741496599, 763.0534297052154, 773.3054818594104, 499.1988038548753, 490.6818990929705, 714.4098922902494, 748.7034183673469, 458.59740929705214, 504.4562641723356, 731.8744217687075, 644.1248185941043, 365.5534580498866, 726.2511224489796, 820.9755158730159, 747.93839569161, 676.3294897959183, 399.24633786848074, 665.1318367346939, 796.7965476190476, 361.81184240362813, 336.3918537414966, 627.426014739229, 642.7740136054422, 364.1252494331066, 400.84718253968254, 769.0861734693877, 829.1720861678004, 523.8899376417233]

Peak to Signal Noise Ratio: [46.22996520476576, 42.14977522037365, 41.05756453266453, 42.55905415555307, 42.354615723397934, 41.342389984419306, 40.4969354386475, 41.99384725342978, 41.58185469579991, 36.46462156386206, 38.77990576706153, 41.905538544027735, 39.250779877579255, 39.52098639995575, 38.947355507560914, 38.605119422912885, 42.06858688617964, 38.197521212903276, 35.53336730164975, 43.00290420546241, 41.884901873757904, 40.058092520644024, 38.79837618873412, 40.59073716870594, 40.63555249255963, 37.77310615877233, 38.003872938793926, 40.25770925181364, 29.55620167643697, 33.680682320344765, 35.9956486258102, 39.656052829055284, 38.38582244516343, 35.43791303369261, 33.149348306259256, 31.82344299111252, 39.650463243511574, 34.88144745302114, 33.59541105028287, 38.41800566655966, 35.06692295087825, 33.12604911865354, 32.766912128854415, 37.19760145242802, 32.741615446260745, 27.78860381450403, 29.75362365586474, 35.54349847524621, 24.798638889822264, 23.03528354191899, 23.21651325001531, 26.21421711452889, 25.168425977630022, 21.873736984154757, 21.580657620405816, 22.664467392987962, 22.314943442643667, 20.071212139947036, 20.954972671948727, 20.77801478937987, 20.721391095206933, 18.69433772397073, 19.82585130452836, 19.80854687094843, 17.923866563592362, 18.061883055560656, 18.643428695780365, 18.480162541543198, 20.9648621573708, 19.305254121479773, 19.24729272023297, 21.148068248182415, 21.222803234067303, 19.591329013573468, 19.387705448699812, 21.516487638782046, 21.102568415377604, 19.486437915739433, 20.041103277098067, 22.501294642842396, 19.519935442502167, 18.98750155611809, 19.392145324058355, 19.829220366150942, 22.118394196536457, 19.901726249007137, 19.117329171706984, 22.54597583290554, 22.862348907395194, 20.155178391369326, 20.05022050299769, 22.51829565731645, 22.101015254772726, 19.27105357132135, 18.944356875948404, 20.9384030383749]
Longitud: 96



Corresponde a: data/penal/penal.3.8.out
Error Cuadratico Medio: [1.4094047619047618, 4.377261904761904, 7.6239569160997736, 9.736422902494331, 10.39062925170068, 8.870141723356008, 9.011967120181406, 5.112216553287982, 4.854631519274377, 9.323684807256235, 23.34528911564626, 19.99456349206349, 16.93812358276644, 13.346122448979592, 6.352704081632653, 4.272256235827665, 4.192165532879819, 13.40233560090703, 16.35672902494331, 19.581468253968254, 23.521944444444443, 12.707902494331066, 7.050396825396826, 1.8125283446712017, 11.145680272108844, 17.26830498866213, 23.715748299319728, 29.01891156462585, 34.888089569161, 41.47856009070295, 44.89744331065759, 48.26251133786848, 141.42866213151927, 143.75016439909297, 139.05652494331065, 130.48499433106576, 116.26395691609977, 105.31259637188208, 83.40645124716553, 65.41630385487528, 7.2936507936507935, 29.081831065759637, 55.59345238095238, 75.6406462585034, 88.00033446712018, 98.89715419501134, 92.8265306122449, 26.31795918367347, 5.929801587301587, 47.58662698412699, 217.81437641723355, 274.86295918367347, 321.8274319727891, 346.2618537414966, 268.4719784580499, 124.67383786848073, 174.2974886621315, 424.833679138322, 621.3563038548753, 757.6524943310658, 826.0994557823129, 875.5417063492064, 720.4065022675737, 436.60007936507935, 772.0300850340136, 758.9453741496599, 922.8330839002267, 1023.8256122448979, 1116.46947845805, 1119.8631065759637, 1189.9301473922903, 1109.3551020408163, 717.0577721088436, 1054.6968083900226, 1021.7380498866213, 1126.420022675737, 1098.0383843537415, 1032.283015873016, 882.2089399092971, 519.9846598639456, 508.5819501133787, 818.9183106575964, 1018.8335430839003, 1025.0284807256237, 1007.9248412698413, 931.5502551020409, 408.9428741496599, 391.0423979591837, 383.87830498866214, 959.143820861678, 1041.7260430839003, 1016.0722789115646, 1020.8222278911564, 825.9051530612245, 431.66555555555556, 15.642607709750568, 811.0247505668934, 1018.9502097505668, 1086.4936507936509, 1100.1843707482992, 1065.5322902494331, 955.0905498866213, 760.6828854875283, 444.63722222222225]

Peak to Signal Noise Ratio: [46.64044626369164, 41.71877828330649, 39.30899927481213, 38.246809316123276, 37.96438511841407, 38.65149802008026, 38.58260762320093, 41.044711186310934, 41.269240895938175, 38.43492777356039, 34.448811041237974, 35.12168433521522, 35.84215063656409, 36.877252557381276, 40.101217351418434, 41.824230685166995, 41.90641937894882, 36.85899872189876, 35.99383901902328, 35.21235107992742, 34.41607140972828, 37.090064869709394, 39.64866799304873, 45.547955539900975, 37.65973780253817, 35.758306504109385, 34.380435284375466, 33.50399241888929, 32.704031722248274, 31.952566892241062, 31.608587501026143, 31.294704442109797, 26.625429277569005, 26.55472010827438, 26.698889888084032, 26.97519789836668, 27.47635261260236, 27.906000408920747, 28.91880717512074, 29.97394358846908, 39.50135394599362, 33.49458613539221, 30.680567160892732, 29.343251301541503, 28.685960380705986, 28.178965660875658, 28.454082418496334, 33.92828151823895, 40.400401988664925, 31.35595438462437, 24.7499381973364, 23.739641430543145, 23.054573010718013, 22.73675711137922, 23.84181397596274, 27.173050321801032, 25.71789231176367, 21.84861422276275, 20.197396521194726, 19.33610303520384, 18.960480248098822, 18.70803522377729, 19.55502736833986, 21.729965505488146, 19.254461362968392, 19.328698426260797, 18.4795720512532, 18.02854371112273, 17.652335058459713, 17.639154236372516, 17.375588931665426, 17.68009775790299, 19.575262134325815, 17.899527290706494, 18.037407939055157, 17.613799992009994, 17.724628387669085, 17.992815789049292, 18.675089064579357, 20.97089829222937, 21.06719418133336, 18.998397790098764, 18.049771260521506, 18.0234442830527, 18.096522119317463, 18.43874071764716, 22.014177158784914, 22.20856513442696, 22.28886792355476, 18.311966276039403, 17.953268392366518, 18.061557580224324, 18.0413024284371, 18.961501850575292, 21.77932965046855, 36.187712068019046, 19.04046252808904, 18.049273978221162, 17.770531681159586, 17.71614889810592, 17.855137456120023, 18.33035812894774, 19.31876715642128, 21.65074544589816]
Longitud: 104



