Corresponde a: data/penal/penal.4.1.out
Error Cuadratico Medio: [1.0678514739229026, 1.9671541950113378, 2.3315873015873017, 1.980028344671202, 2.8496315192743764, 7.977114512471656, 1.7977607709750567, 3.583815192743764, 1.8181292517006802, 4.085430839002267, 1.8218820861678005, 15.284625850340136, 1.8962925170068028, 3.742624716553288, 3.198503401360544, 3.8309183673469387, 4.513690476190476, 23.11655328798186, 42.2465306122449, 5.021354875283447, 3.407437641723356, 4.988038548752835, 11.509897959183673, 9.701763038548753, 20.008327664399093, 13.756201814058956, 24.496354875283448, 13.665748299319727, 47.27716553287982, 29.81264172335601, 70.64485827664399, 50.36018707482993, 74.21086167800453, 129.45010204081632, 214.24401927437643, 257.62225623582765, 215.8937358276644, 381.96996031746033, 608.4427551020408, 213.95195011337867, 653.2489342403628, 205.78909297052155, 500.8375850340136, 356.3010657596372, 332.1429081632653, 299.5074206349206, 321.84618480725624, 305.2860657596372, 227.2363321995465, 209.27773242630386, 327.9994784580499, 126.05659297052154, 369.0372392290249, 137.49030045351475, 389.79700113378686, 198.3739172335601, 202.2127097505669, 211.22187074829932, 295.9274263038549, 348.31670634920636]

Peak to Signal Noise Ratio: [47.845695094313534, 45.192419575230865, 44.45428679491382, 45.164089535123466, 43.582916550670916, 39.11234534420593, 45.58348461433924, 42.587347546437194, 45.53455606676646, 42.018424980080916, 45.525600952472786, 36.28825548693697, 45.35175029594185, 42.399040794925185, 43.08133543975551, 42.29777463123541, 41.585485866072105, 34.491572802370115, 31.872893114360295, 41.12259445422433, 42.8065244415379, 41.15150559716989, 37.52008887451837, 38.262296979070214, 35.11869569906598, 36.7458182223718, 34.23978895904441, 36.7744694339996, 31.384289300152346, 33.38679899929418, 29.6399980265703, 31.10993026139483, 29.426128865646668, 27.009779637583094, 24.821716536443876, 24.02096981439147, 24.788403194366268, 22.310511513105205, 20.288606366630187, 24.82764111554761, 19.9800165100878, 24.99658007877082, 21.133834480928826, 22.612632394631838, 22.91755376944298, 23.366727738725487, 23.054319955370737, 23.28373378717311, 24.566025901128615, 24.923573398816057, 22.972072077140698, 27.1251479593408, 22.46010168216554, 26.74808299851451, 22.22241867276811, 25.155957915688916, 25.072719118826328, 24.883414761087096, 23.418951437963237, 22.711060558002206]
Longitud: 60



Corresponde a: data/penal/penal.4.2.out
Error Cuadratico Medio: [1.4404761904761905, 2.323849206349206, 2.8105385487528345, 3.2208560090702947, 2.237012471655329, 3.494047619047619, 5.443151927437642, 13.9143537414966, 2.2345124716553286, 2.889858276643991, 5.624195011337869, 3.2294784580498868, 3.802534013605442, 3.589812925170068, 5.855810657596372, 20.11450680272109, 2.0947278911564626, 1.9638321995464854, 6.744676870748299, 4.934053287981859, 4.751020408163265, 4.666394557823129, 20.030368480725624, 46.25052721088436, 76.38172902494331, 20.726899092970523, 7.921598639455782, 7.209569160997733, 12.29250566893424, 31.04081065759637, 6.296383219954649, 13.509314058956916, 38.76011904761905, 18.986428571428572, 20.44985260770975, 22.343633786848073, 29.398021541950115, 77.46030612244898, 24.830107709750568, 26.473367346938776, 141.8575170068027, 101.4527664399093, 124.52806689342404, 147.2206462585034, 226.0514739229025, 276.22236394557825, 321.9284977324263, 357.5590702947846, 556.0869784580499, 465.63999433106574, 555.1191666666666, 635.5285941043084, 135.93560090702948, 810.6542743764172, 536.3765476190476, 128.1439058956916, 770.853253968254, 511.93204081632655, 466.9344387755102, 448.1586507936508, 432.4060034013605, 424.2267233560091, 428.3383049886621, 427.9998752834467, 577.5496258503401, 328.4809750566893, 380.46712585034015, 334.0027380952381, 119.15749433106576, 502.94642857142856, 280.4291893424036, 104.49321428571429, 580.6319954648526, 341.5933276643991, 321.200873015873, 330.6745124716553, 321.00854308390024, 365.6905839002268, 482.2323752834467, 507.12670634920636]

Peak to Signal Noise Ratio: [46.54574276613342, 44.46872417431533, 43.64290814506761, 43.05109051094484, 44.634119555124556, 42.69751541346159, 40.77229904499213, 36.69617320734654, 44.63897577903766, 43.52203816097762, 40.63019990022638, 43.039479689019686, 42.33007253368362, 42.580085439562396, 40.45493335114449, 35.09570972505629, 44.919527455200054, 45.19975984303101, 39.84119212881114, 41.19876525290297, 41.36293464918573, 41.440989039410574, 35.11391422174741, 31.47963673231283, 29.300908757558158, 34.96546027782527, 39.142675264711016, 39.551710485190746, 37.234399436221, 33.21147306157934, 40.13989208027895, 36.82447062769107, 32.24695258597422, 35.34637081101492, 35.02390178690271, 34.63926556222511, 33.447622570654765, 29.240011518864794, 34.18101757396759, 33.902711748675785, 26.61228006932175, 28.068164668843885, 27.178131144708054, 26.451116410337224, 24.588730177590598, 23.7182152317502, 23.05320937894221, 22.597325614891744, 20.679376352749628, 21.450300855934902, 20.68694138339028, 20.09945265486386, 26.79747149516739, 19.042446838985644, 20.836105802459556, 27.05382403479173, 19.261086508553763, 21.03868048832304, 21.43824454342132, 21.61648576853953, 21.771886459243245, 21.85482338270342, 21.812934471032683, 21.816367184054833, 20.51491054023209, 22.965701396879865, 22.32763223226705, 22.893303337725772, 27.369589986648922, 21.115586323027415, 23.65257144331624, 27.939922722768756, 20.491793971108482, 22.795709818334768, 23.063036438582127, 22.936796389493537, 23.06563770317165, 22.499665829548597, 21.298239969356445, 21.079638788653178]
Longitud: 80



Corresponde a: data/penal/penal.4.4.out
Error Cuadratico Medio: [1.5726020408163266, 3.9874092970521544, 5.121513605442177, 3.6311281179138324, 3.8141213151927436, 4.806887755102041, 5.832692743764173, 4.141235827664399, 4.541383219954649, 14.70359410430839, 8.634053287981859, 4.216139455782313, 7.760459183673469, 7.300022675736962, 8.323270975056689, 9.000022675736961, 4.0567800453514735, 9.865697278911565, 18.208622448979593, 3.3223696145124717, 4.325907029478458, 6.852613378684807, 9.145215419501135, 6.050294784580499, 6.105011337868481, 11.238146258503402, 12.53062358276644, 6.742108843537415, 65.35965419501134, 36.993939909297055, 20.52657029478458, 7.992477324263039, 9.836950113378684, 18.604268707482994, 31.45234693877551, 42.47087301587302, 7.082834467120182, 21.00174036281179, 27.55362811791383, 8.129342403628119, 19.39439342403628, 27.920861678004535, 37.57718253968254, 14.763509070294784, 48.20348639455782, 106.24361678004536, 68.28950680272109, 15.908236961451248, 215.13468820861678, 326.5627097505669, 319.17409297052154, 161.29337868480727, 199.86713151927438, 433.48559523809524, 486.58024376417234, 374.96505102040817, 391.10899659863946, 636.3834920634921, 546.3736451247165, 526.1405215419501, 564.6392063492063, 902.8680215419502, 690.4015022675737, 680.4680952380952, 1051.5264965986394, 1018.9543877551021, 890.4627721088435, 922.9941099773242, 520.9240192743764, 763.5522052154195, 773.818112244898, 499.4897052154195, 491.145566893424, 716.1478401360545, 751.2136507936508, 460.2929081632653, 506.3121201814059, 734.4795294784581, 660.9793027210884, 375.50697278911565, 697.8215022675737, 782.8642403628118, 799.1349546485261, 746.322006802721, 437.9837414965986, 734.558724489796, 668.163327664399, 367.6077154195011, 340.4316723356009, 635.130612244898, 657.5594047619047, 369.4954761904762, 388.933656462585, 746.1920238095238, 811.0112925170068, 517.5689795918368]

Peak to Signal Noise Ratio: [46.164615259393614, 42.123895437337744, 41.03682030098038, 42.53038788374351, 42.316858583978615, 41.31216379764632, 40.47211261722718, 41.95950398238728, 41.55892209927209, 36.456568554474856, 38.768656361440186, 41.881653934179084, 39.23192941795853, 39.49756151715655, 38.9278632697554, 38.58836757213582, 42.04898899547541, 38.18952575518726, 35.52803269847101, 42.91632414686961, 41.770031793335754, 39.77224131055523, 38.51886420940794, 40.313038258521665, 40.27393886040056, 37.62385680960282, 37.15107676799877, 39.84284601445027, 29.977706151035832, 32.44949774084894, 35.00763970020468, 39.103989480745014, 38.20219891932811, 35.43467757327166, 33.15427303311408, 31.849891725855084, 39.62873268844523, 34.90825075722186, 33.729015682845706, 39.03024944674367, 35.254041596445646, 33.67151543756759, 32.38156146395035, 36.4389076566147, 31.300019104472927, 27.867775141971336, 29.787263846794538, 36.11458309463935, 24.80369919411197, 22.99113769794188, 23.09052727990472, 26.054638214992465, 25.123389813245012, 21.76105690457179, 21.259258892332113, 22.390895700903513, 22.207825548155324, 20.093614554476073, 20.7559061831477, 20.919786099082916, 20.61309330291239, 18.574560897405682, 19.739786331639323, 19.802725933959596, 17.912601402586994, 18.049256170868283, 18.63464593391686, 18.478814312531664, 20.963059780986306, 19.302416250918537, 19.24441470122183, 21.14553819285309, 21.218701324330226, 19.58077674415445, 19.373168896896072, 21.500460771955026, 21.08662037145099, 19.471006647013834, 19.92892500254815, 22.38462355038454, 19.6933601345103, 19.19393905033743, 19.10460233481366, 19.401541130139968, 21.716223716180707, 19.470538395675124, 19.8819772528871, 22.476957430043498, 22.810504026377888, 20.10217315348737, 19.95145367211979, 22.454712352616674, 22.232048343223326, 19.402297583957775, 19.040534595005532, 20.99112121792669]
Longitud: 96



Corresponde a: data/penal/penal.4.8.out
Error Cuadratico Medio: [1.4718537414965986, 4.438696145124717, 7.686683673469388, 9.799461451247165, 10.452437641723357, 8.931626984126984, 9.075515873015872, 5.1740589569161, 4.893486394557823, 9.3618537414966, 23.38704081632653, 20.031831065759636, 16.97375850340136, 13.385005668934241, 6.3933786848072565, 4.310011337868481, 4.254722222222222, 13.465980725623583, 16.424807256235827, 19.653061224489797, 23.593718820861678, 12.781349206349207, 7.123577097505669, 1.8763151927437642, 11.18701247165533, 17.327210884353743, 23.786666666666665, 29.129603174603176, 35.020459183673466, 41.625, 45.02293083900227, 48.35416099773243, 141.44113945578232, 143.86603174603175, 139.34363945578232, 130.968231292517, 116.95031179138321, 106.01481292517006, 83.96084467120181, 65.63498299319728, 7.860901360544218, 31.344444444444445, 60.18177437641723, 81.03405328798186, 96.60901360544217, 108.0197619047619, 99.4543253968254, 28.70856009070295, 10.706655328798186, 67.25108843537414, 243.9723015873016, 324.7934410430839, 382.1342517006803, 444.9602494331066, 309.68922335600905, 135.45796485260772, 167.20857709750567, 415.63888321995466, 603.4574716553288, 721.0693650793651, 781.9611167800454, 832.542947845805, 692.1196258503402, 427.0495634920635, 786.3737301587302, 778.2011507936508, 945.0636394557823, 1040.7825170068027, 1127.7398015873016, 1122.3593480725624, 1186.4988662131518, 1106.2244671201813, 718.4816836734694, 1055.3453571428572, 1014.0436224489796, 1110.615941043084, 1071.4474149659864, 1000.7619784580498, 855.9081009070295, 509.3624603174603, 519.176060090703, 847.8213775510204, 1054.8673639455783, 1041.4813605442178, 987.1470578231292, 884.1884580498867, 436.10680272108846, 374.73049886621317, 360.923537414966, 851.2771655328798, 939.0455498866213, 982.6714739229025, 1018.4223639455782, 810.6774036281179, 421.35213718820864, 7.763690476190476, 794.0485090702948, 982.9673072562358, 1040.740946712018, 1053.8583843537415, 1026.6916609977325, 929.2924489795919, 748.3823015873016, 441.4456179138322]

Peak to Signal Noise Ratio: [46.45215704682202, 41.65824944838339, 39.27341351750436, 38.21878152030352, 37.93862775598458, 38.621497837410224, 38.55209040169508, 40.99248987798276, 41.2346197568758, 38.41718508925572, 34.441050872606795, 35.11359711853437, 35.83302341970735, 36.86461801408736, 40.07349932071226, 41.786019482553826, 41.84209149277861, 36.83842372357943, 35.97580079016265, 35.196501537718895, 34.40283961479123, 37.065036602580044, 39.60382231894689, 45.39774565752757, 37.6436623862067, 35.743516997707864, 34.36746774219506, 33.487457924865176, 32.687585246707926, 31.93726114353534, 31.59646598195943, 31.28646508703295, 26.625046144901642, 26.55122096234276, 26.689932113729498, 26.959143983997365, 27.45078976885229, 27.87713809544615, 28.89003561803227, 29.959449838196054, 39.17608014132981, 33.169197841518695, 30.33615372702688, 29.04412798197029, 28.280627129567023, 27.79577145185854, 28.154566849698128, 33.55068950340903, 37.83426538879092, 29.853810432321023, 24.257398376054667, 23.01473110457508, 22.308643944751726, 21.64759145893602, 23.22154267937503, 26.81275814475184, 25.89821809711218, 21.943641916219487, 20.324336920289507, 19.551033160899657, 19.198952026772535, 18.92673714447703, 19.72899196531563, 21.82602078578364, 19.174513639757556, 19.219884921707305, 18.37619306502676, 17.957203725019706, 17.608714525061743, 17.629484327366768, 17.388130333146428, 17.692371010416053, 19.566646597698785, 17.89685757009075, 18.070237228514785, 17.67516458112272, 17.83109499489602, 18.127495638423547, 18.8065322400797, 21.060534262821967, 20.97765702518992, 18.847759978980395, 17.898825047676695, 17.954288591095704, 18.18698505418437, 18.665355194203816, 21.73487499690498, 22.39361319628212, 22.556651556271497, 18.83009376736752, 18.403937019515087, 18.20672011814654, 18.051524332707043, 19.042322929652087, 21.884351597705137, 39.23012148314656, 19.132333262266688, 18.20541287099177, 17.957377191713242, 17.90298105803396, 18.01640326261222, 18.449279525889388, 19.389568525020696, 21.68203150790402]
Longitud: 104



