Corresponde a: data/penal/penal.0.1.out
Error Cuadratico Medio: [1.9136791383219955, 3.8032993197278913, 4.787828798185941, 4.772403628117914, 4.99390589569161, 27.491009070294783, 3.6337755102040816, 10.367681405895691, 3.9248356009070293, 12.09062925170068, 1.0798356009070296, 41.55268140589569, 4.335793650793651, 12.076354875283446, 6.740209750566893, 8.75031179138322, 10.001411564625851, 58.19924603174603, 5.700612244897959, 6.1591156462585035, 4.254552154195012, 6.8210374149659865, 3.710799319727891, 26.709297052154195, 1.0217346938775511, 25.62391723356009, 28.30551020408163, 38.439625850340136, 51.50307823129252, 0.30883786848072564, 132.32547052154194, 168.9728117913832, 207.59978458049886, 257.4711224489796, 397.92413265306124, 430.3056405895692, 0.5164229024943311, 586.1921088435374, 699.4809580498866, 713.6795124716554, 730.9439115646259, 1.2830668934240363, 538.8085884353742, 538.8571145124716, 524.7495691609977, 476.6908390022676, 513.9192857142857, 532.1939342403629, 0.8575, 386.0399263038549, 372.7158843537415, 382.5054195011338, 450.86604308390025, 0.8655555555555555, 370.7761394557823, 379.19051020408165, 418.5693480725624, 404.92853174603175, 560.9740929705215, 598.9364002267573]

Peak to Signal Noise Ratio: [45.312112383663006, 42.32919855127432, 41.32941748233882, 41.34343193671077, 41.14640006546398, 33.73889679750597, 42.52722267199993, 37.973987178069954, 42.19258890643759, 37.306314567457804, 47.797227193194615, 31.944813067018107, 41.760117558002506, 37.31144494168982, 39.8440694918476, 38.71056832775339, 38.13019061721408, 30.48163002444366, 40.571588595284496, 40.23562002197302, 41.842265090673116, 39.792299291246664, 42.43612892558312, 33.86417902662629, 48.0374222039503, 34.04434838001178, 33.61209373460747, 32.28301209028621, 31.012471741779244, 53.23349814463604, 26.91436913942024, 25.852635298570156, 24.958534623444244, 24.0235183453669, 22.132800825402093, 21.793033218714136, 51.00074866610568, 20.450403930786543, 19.683044646653997, 19.59577131181485, 19.49196307894371, 47.04831061712299, 20.81645851247615, 20.816067396614, 20.93128270185322, 21.348435550893758, 21.021854452217802, 20.870104405603787, 48.79846232153102, 22.26448136826388, 22.41702459017808, 22.304427680638604, 21.590328331608433, 48.75785412634671, 22.439685826341528, 22.3422290091911, 21.913129391833337, 22.05701982115546, 20.64137555832329, 20.356996528308976]
Longitud: 60



Corresponde a: data/penal/penal.0.2.out
Error Cuadratico Medio: [0.13563492063492064, 3.2801757369614513, 3.8032993197278913, 4.787828798185941, 1.1018367346938776, 5.218571428571429, 4.99390589569161, 27.491009070294783, 1.7007596371882086, 4.214002267573696, 10.367681405895691, 3.9248356009070293, 3.5818650793650795, 3.2296825396825395, 1.0798356009070296, 41.55268140589569, 2.0046031746031745, 0.6178401360544218, 12.076354875283446, 6.740209750566893, 6.1591156462585035, 4.254552154195012, 10.001411564625851, 58.19924603174603, 123.70600907029478, 6.740209750566893, 6.1591156462585035, 4.254552154195012, 10.001411564625851, 58.19924603174603, 3.710799319727891, 26.709297052154195, 75.85778344671202, 23.67705215419501, 25.62391723356009, 28.30551020408163, 1.6084297052154195, 172.57872448979592, 51.50307823129252, 0.30883786848072564, 262.0001984126984, 140.980283446712, 168.9728117913832, 207.59978458049886, 238.51895691609977, 341.8761848072562, 397.92413265306124, 430.3056405895692, 797.6171598639456, 547.9167743764173, 586.1921088435374, 699.4809580498866, 1.0057426303854875, 1136.4307709750567, 730.9439115646259, 1.2830668934240363, 989.5761621315193, 528.7235600907029, 538.8571145124716, 524.7495691609977, 513.1965646258503, 512.5883333333334, 513.9192857142857, 532.1939342403629, 793.4221371882086, 393.7840759637188, 386.0399263038549, 372.7158843537415, 1.085578231292517, 854.0033106575963, 450.86604308390025, 0.8655555555555555, 812.5123696145125, 355.91966553287983, 379.19051020408165, 418.5693480725624, 389.5202777777778, 482.02513605442175, 560.9740929705215, 598.9364002267573]

Peak to Signal Noise Ratio: [56.80708843264736, 42.97183249001321, 42.32919855127432, 41.32941748233882, 47.709631134251815, 40.9552872867025, 41.14640006546398, 33.73889679750597, 45.8243742034111, 41.88385595899939, 37.973987178069954, 42.19258890643759, 42.58971137922961, 43.03920525236458, 47.797227193194615, 31.944813067018107, 45.1105194707224, 50.222042434017055, 37.31144494168982, 39.8440694918476, 40.23562002197302, 41.842265090673116, 38.13019061721408, 30.48163002444366, 27.20689564693231, 39.8440694918476, 40.23562002197302, 41.842265090673116, 38.13019061721408, 30.48163002444366, 42.43612892558312, 33.86417902662629, 29.330802123367008, 34.387527300830435, 34.04434838001178, 33.61209373460747, 46.06678275613852, 25.760931060252293, 31.012471741779244, 53.23349814463604, 23.947787406569148, 26.639219814680928, 25.852635298570156, 24.958534623444244, 24.355574594335707, 22.792115120953788, 22.132800825402093, 21.793033218714136, 19.112858720913223, 20.74365764379907, 20.450403930786543, 19.683044646653997, 48.10593501921049, 17.575373763276197, 19.49196307894371, 47.04831061712299, 18.176311358267096, 20.89851697730794, 20.816067396614, 20.93128270185322, 21.02796620353309, 21.033116435819473, 21.021854452217802, 20.870104405603787, 19.1357604735574, 22.17822210926947, 22.26448136826388, 22.41702459017808, 47.77419234879021, 18.8162080657523, 21.590328331608433, 48.75785412634671, 19.032503795069257, 22.61728376245738, 22.3422290091911, 21.913129391833337, 22.2255028962245, 21.300106749836285, 20.64137555832329, 20.356996528308976]
Longitud: 80



Corresponde a: data/penal/penal.0.4.out
Error Cuadratico Medio: [0.13563492063492064, 2.004937641723356, 9.276354875283447, 4.252295918367347, 4.787828798185941, 5.877057823129252, 11.395980725623582, 4.99390589569161, 4.92171201814059, 34.553832199546484, 9.007278911564626, 4.214002267573696, 10.367681405895691, 11.286071428571429, 15.980034013605442, 12.09062925170068, 3.2296825396825395, 4.291763038548753, 44.51530045351474, 2.0046031746031745, 4.335793650793651, 4.940856009070295, 14.121332199546485, 6.740209750566893, 6.1591156462585035, 16.57985827664399, 17.835975056689342, 6.8210374149659865, 58.19924603174603, 56.36450680272109, 14.22218253968254, 6.1591156462585035, 8.75031179138322, 13.953877551020408, 67.30407029478458, 58.19924603174603, 3.710799319727891, 19.20391156462585, 76.63152494331065, 1.0217346938775511, 23.67705215419501, 52.37231859410431, 29.77688775510204, 1.6084297052154195, 38.439625850340136, 252.7304365079365, 79.12476190476191, 0.30883786848072564, 262.0001984126984, 472.1551133786848, 430.38659863945577, 173.62751700680272, 207.59978458049886, 512.6978684807257, 657.6624716553288, 397.92413265306124, 406.3565022675737, 729.7943990929705, 547.5278911564626, 547.9167743764173, 586.1921088435374, 1150.8592573696146, 713.740096371882, 713.6795124716554, 1136.4307709750567, 1274.7020181405896, 989.1559523809524, 989.5761621315193, 538.8085884353742, 894.7029195011338, 932.092545351474, 524.7495691609977, 513.1965646258503, 862.5431179138322, 880.7049886621315, 477.3098866213152, 532.1939342403629, 1081.8995861678004, 781.4621088435374, 386.0399263038549, 757.951746031746, 1004.6333219954648, 1123.5557256235827, 854.0033106575963, 450.86604308390025, 895.8438492063492, 1060.2991666666667, 370.7761394557823, 355.91966553287983, 768.4361961451248, 825.8410090702948, 389.5202777777778, 404.92853174603175, 869.0303344671202, 1197.576014739229, 598.9364002267573]

Peak to Signal Noise Ratio: [56.80708843264736, 45.10979491281583, 38.457030062588686, 41.84456881300234, 41.32941748233882, 40.43920397200913, 37.56328654835606, 41.14640006546398, 41.20964162429897, 32.74584140971782, 38.584867499307435, 41.88385595899939, 37.973987178069954, 37.60537566312919, 36.09502661490349, 37.306314567457804, 43.03920525236458, 41.804446256475444, 31.645710518996964, 45.1105194707224, 41.760117558002506, 41.19278163399749, 36.63204691091211, 39.8440694918476, 40.23562002197302, 35.93499546953688, 35.61783504543433, 39.792299291246664, 30.48163002444366, 30.620746496509522, 36.601141124202144, 40.23562002197302, 38.71056832775339, 36.68385453257427, 29.850390313673884, 30.48163002444366, 42.43612892558312, 35.29690663523054, 29.28672892901261, 48.0374222039503, 34.387527300830435, 30.93978559730691, 33.39201057022555, 46.06678275613852, 32.28301209028621, 24.104228134020435, 29.147679446810915, 53.23349814463604, 23.947787406569148, 21.38995663467309, 21.792216210430976, 25.73461806287871, 24.958534623444244, 21.03218848984334, 19.950773005473724, 22.132800825402093, 22.041731474094686, 19.4987983487895, 20.746741137633858, 20.74365764379907, 20.450403930786543, 17.52058145391995, 19.59540265702808, 19.59577131181485, 17.575373763276197, 17.076716874721424, 18.178155921028456, 18.176311358267096, 20.81645851247615, 18.61401506377897, 18.43621326260579, 20.93128270185322, 21.02796620353309, 18.77299546509272, 18.682499045016446, 21.342799307744226, 20.870104405603787, 17.788934061943166, 19.201724358628155, 22.26448136826388, 19.334388031239964, 18.110727819888798, 17.62485743631544, 18.8162080657523, 21.590328331608433, 18.6084804466337, 17.8765194079068, 22.439685826341528, 22.61728376245738, 19.274725473437172, 18.961839158836824, 22.2255028962245, 22.05701982115546, 18.740454246243637, 17.347772715712516, 20.356996528308976]
Longitud: 96



Corresponde a: data/penal/penal.0.8.out
Error Cuadratico Medio: [0.13563492063492064, 2.004937641723356, 6.013922902494331, 11.01343537414966, 19.335549886621315, 12.415997732426304, 11.186190476190475, 5.218571428571429, 4.99390589569161, 11.069506802721088, 42.43955215419501, 44.28922335600907, 23.17310657596372, 16.502551020408163, 4.8662755102040816, 3.9248356009070293, 3.5818650793650795, 15.980034013605442, 20.378174603174603, 21.675527210884354, 51.399909297052154, 8.255833333333333, 4.940856009070295, 0.6178401360544218, 12.076354875283446, 19.978837868480724, 29.17264172335601, 36.99031746031746, 85.92148526077098, 80.34709183673469, 67.30407029478458, 58.19924603174603, 123.70600907029478, 115.46318594104308, 105.83921201814059, 96.61838435374149, 85.92148526077098, 80.34709183673469, 67.30407029478458, 58.19924603174603, 3.710799319727891, 19.20391156462585, 52.377267573696145, 159.3286224489796, 230.72354875283446, 187.9950680272109, 136.07618480725623, 28.30551020408163, 1.6084297052154195, 39.94476757369615, 254.3339455782313, 335.55799886621315, 646.4776020408164, 646.9219160997733, 354.02857709750566, 140.980283446712, 168.9728117913832, 430.38659863945577, 655.4966666666667, 825.9199659863946, 1011.2105328798186, 949.4532256235827, 729.7943990929705, 430.3056405895692, 797.6171598639456, 798.0875623582766, 997.4357086167801, 1131.1801757369615, 1395.930215419501, 1295.2937358276645, 1295.7760770975058, 1136.4307709750567, 730.9439115646259, 1133.904268707483, 1135.0396258503401, 1392.7261848072562, 1285.7022448979592, 1148.8105555555555, 932.092545351474, 524.7495691609977, 513.1965646258503, 862.5431179138322, 1141.9898072562357, 1239.7412698412697, 1233.537783446712, 1054.2356179138321, 393.7554535147392, 393.7840759637188, 386.0399263038549, 1030.4215702947845, 1201.894506802721, 1204.4330215419502, 1298.6823072562358, 897.2354818594105, 434.32500566893424, 0.8655555555555555, 812.5123696145125, 1060.2991666666667, 1207.8407709750568, 1337.896768707483, 1334.1251303854876, 1141.014172335601, 869.0303344671202, 482.02513605442175]

Peak to Signal Noise Ratio: [56.80708843264736, 45.10979491281583, 40.339225046517825, 37.71157553129468, 35.267238333168834, 37.19098736270391, 37.64398150734061, 40.9552872867025, 41.14640006546398, 37.68952089368437, 31.853095685318227, 31.66782296188412, 34.48096101857385, 35.955292767478795, 41.258836674580394, 42.19258890643759, 42.58971137922961, 36.09502661490349, 35.0391508184881, 34.77110691305899, 31.02118008250543, 38.963194439229845, 41.19278163399749, 50.222042434017055, 37.31144494168982, 35.125101383385434, 33.481046025062554, 32.44992302310762, 28.789785851220454, 29.0811019877434, 29.850390313673884, 30.48163002444366, 27.20689564693231, 27.506368241826465, 27.884337630354736, 28.28020589900408, 28.789785851220454, 29.0811019877434, 29.850390313673884, 30.48163002444366, 42.43612892558312, 35.29690663523054, 30.939375225369794, 26.10786559611386, 24.49988437905201, 25.38933904990737, 26.792982364860862, 33.61209373460747, 46.06678275613852, 32.11620462391811, 24.076760321768834, 22.873127650943704, 20.025268780220845, 20.0222849666517, 22.640420412860752, 26.639219814680928, 25.852635298570156, 21.792216210430976, 19.965098733116072, 18.961423958895498, 18.082387762470844, 18.35606786585754, 19.4987983487895, 21.793033218714136, 19.112858720913223, 19.110298181853153, 18.141954487826155, 17.59548575486062, 16.68216653050515, 17.007120956293143, 17.00550403224686, 17.575373763276197, 19.49196307894371, 17.585039706206093, 17.580693372350336, 16.692146199760444, 17.039399586641782, 17.528319435462254, 18.43621326260579, 20.93128270185322, 21.02796620353309, 18.77299546509272, 17.554181332033764, 17.19749302160953, 17.219279043335177, 17.901426758699024, 22.17853779048141, 22.17822210926947, 22.26448136826388, 18.00065419468297, 17.332140106088847, 17.322977069557346, 16.995774369542698, 18.601739211118467, 21.752655268743005, 48.75785412634671, 19.032503795069257, 17.8765194079068, 17.310706756265443, 16.866577560387146, 16.878837959895062, 17.55789322121105, 18.740454246243637, 21.300106749836285]
Longitud: 104



